#################################### 
# Matrix Size= (300,500,1700)
# Resol      = (1,100,100)
# VoxelSize  = (300,5,17)
# nbVal      = 10000
#################################### 
2.71932e-25 1.74438e-25 3.3754e-25 1.05085e-25 1.40794e-25 1.46397e-25 6.23338e-27 3.43497e-25 1.78072e-25 1.84069e-25 1.91628e-25 4.10837e-25 2.79025e-25 1.62339e-25 4.23668e-25 4.07034e-25 9.90057e-26 2.58292e-25 1.20065e-25 1.78889e-25 6.28974e-26 2.60036e-25 3.0138e-25 1.76729e-25 2.01647e-25 1.69101e-25 2.15917e-25 1.55339e-25 2.37749e-25 2.58346e-25 2.2486e-25 4.33539e-25 2.72206e-25 2.7144e-25 1.1641e-25 3.64269e-25 1.54339e-25 1.04563e-25 2.25106e-25 4.79325e-25 4.56796e-25 1.15143e-25 5.32049e-25 2.96865e-25 1.97641e-25 1.79691e-25 3.7839e-25 1.92612e-25 4.51437e-25 2.71653e-25 2.96148e-25 2.65894e-25 1.65379e-25 1.63842e-25 1.85232e-25 1.92299e-25 3.111e-25 2.48678e-25 1.97081e-25 6.34554e-26 2.50444e-25 2.63193e-25 3.22081e-25 3.19492e-25 1.64464e-25 3.7593e-25 6.7005e-25 3.19008e-25 3.52873e-25 2.60222e-25 2.03747e-25 1.72086e-25 2.2497e-25 3.38616e-25 2.46249e-25 2.49921e-25 1.53791e-25 7.93511e-26 7.85326e-28 2.90248e-25 2.28788e-25 2.28096e-25 4.77754e-25 5.15385e-26 8.55747e-26 2.06702e-25 2.98934e-25 2.35186e-25 3.90456e-25 2.43719e-25 1.11275e-25 2.71445e-25 1.55477e-25 3.55584e-25 2.88292e-25 2.90967e-25 2.49699e-25 1.51013e-25 3.38852e-25 5.33478e-26 
2.00864e-25 1.732e-25 1.98951e-25 4.94974e-26 3.0005e-25 2.29412e-25 3.60189e-25 6.19106e-26 1.80313e-25 2.01739e-25 2.568e-25 2.05915e-25 1.01895e-25 2.60328e-25 8.84664e-26 2.84427e-25 1.40889e-25 3.65432e-25 1.93125e-25 2.93558e-25 1.73417e-25 1.15276e-25 3.39578e-25 1.1325e-25 1.03266e-25 4.5136e-25 3.68153e-25 2.19313e-25 2.85058e-25 3.30383e-25 3.06109e-25 3.95161e-25 4.21486e-25 1.35753e-25 1.89882e-25 1.51402e-25 1.96714e-25 3.12585e-25 3.71507e-25 1.11741e-25 1.0488e-25 2.19951e-25 2.90486e-25 3.51959e-25 2.67163e-25 3.16995e-25 1.89694e-25 2.64808e-25 9.76773e-26 1.95127e-25 1.47978e-25 5.91839e-26 4.19029e-25 4.12357e-25 3.2064e-25 2.00541e-25 2.87544e-25 3.06185e-25 3.15527e-25 4.15403e-26 1.00128e-25 1.07832e-25 4.228e-25 3.0405e-25 2.33752e-25 3.41158e-25 4.73583e-25 2.08015e-25 2.4012e-25 5.65614e-25 4.22982e-25 3.49945e-25 1.67184e-25 3.04383e-25 6.22397e-26 2.63987e-25 4.83151e-25 2.19793e-25 4.62693e-25 2.97633e-25 1.34402e-25 3.58244e-25 2.41581e-25 9.73169e-26 2.85527e-25 4.59892e-25 3.26852e-25 4.63983e-25 1.47474e-25 5.905e-25 1.3114e-25 3.00418e-25 1.31737e-25 2.95974e-25 2.00403e-25 1.15802e-25 4.30023e-25 8.76854e-26 2.29362e-25 1.49757e-25 
1.46367e-25 3.731e-25 9.6817e-26 1.02627e-25 1.99947e-25 3.97051e-25 1.51736e-25 2.39864e-25 3.01877e-25 3.82537e-25 2.01093e-25 1.82651e-25 1.33253e-25 3.94495e-25 3.53458e-25 4.79355e-25 2.45602e-25 1.91507e-25 3.17768e-25 3.09769e-25 3.18753e-25 2.11903e-25 2.9077e-25 3.90455e-25 5.21785e-25 3.35661e-25 2.73052e-25 2.73806e-25 3.63975e-25 2.84828e-25 3.2221e-25 4.19232e-25 3.42987e-25 2.72018e-25 3.29223e-25 2.49542e-25 4.7772e-25 2.84444e-25 4.74718e-25 2.67905e-25 5.36253e-25 3.12956e-25 2.43317e-25 3.33579e-25 3.31752e-25 3.45596e-25 4.54635e-25 3.03648e-25 1.39334e-25 3.5889e-25 2.38098e-25 3.57619e-25 1.66968e-25 3.25579e-25 4.9039e-25 2.13937e-25 4.16046e-25 3.14974e-25 1.72726e-25 3.60304e-25 4.89723e-25 1.4393e-25 3.2128e-25 3.36223e-25 3.67445e-25 8.38624e-26 2.68424e-25 2.80452e-25 3.49769e-25 2.30122e-25 3.4045e-25 3.54479e-25 1.3812e-25 2.07672e-25 3.11524e-25 2.41665e-25 2.50304e-25 1.37911e-25 3.29891e-25 4.25173e-25 2.88972e-25 4.32752e-25 2.72455e-25 3.50359e-25 2.97959e-25 3.08343e-25 2.12986e-25 1.6409e-25 1.77654e-25 1.63033e-25 3.48527e-25 2.06978e-25 3.07259e-25 9.7096e-26 1.03413e-25 4.45699e-25 2.04188e-25 2.35951e-25 2.43683e-25 2.61117e-25 
1.98823e-25 2.71027e-25 4.17434e-25 1.86189e-25 2.00039e-25 4.21543e-25 7.56288e-26 4.98165e-25 3.28545e-25 3.32879e-25 3.77742e-25 3.73502e-25 3.48999e-25 2.73112e-25 3.79217e-25 5.4734e-25 3.15024e-25 1.50099e-25 9.74456e-26 4.1543e-25 4.46302e-25 1.75299e-25 3.44335e-25 3.6705e-25 2.58345e-25 1.15292e-25 5.37085e-25 2.08314e-25 5.19594e-25 3.43675e-25 2.62903e-25 3.92297e-25 3.91263e-25 2.6409e-25 6.22801e-25 2.24118e-25 5.4437e-25 3.47597e-25 2.42779e-25 2.19435e-25 3.17808e-25 2.17594e-25 4.47975e-25 3.9581e-25 3.37779e-25 1.5161e-25 4.0815e-25 3.06434e-25 3.14086e-25 4.49587e-25 2.60899e-25 3.63845e-25 2.95352e-25 1.31945e-25 4.2696e-25 3.79014e-25 3.70152e-25 3.67531e-25 2.6713e-25 5.08464e-25 5.00771e-25 4.65192e-25 4.30039e-25 6.50994e-25 5.26451e-25 4.1607e-25 4.08518e-25 4.572e-25 3.47673e-25 5.18693e-25 2.66209e-25 2.6809e-25 3.23621e-25 3.92569e-25 3.79718e-25 2.26596e-25 4.8721e-25 2.20484e-25 6.6471e-25 1.59643e-25 3.79619e-25 3.15056e-25 1.70232e-25 3.35441e-25 1.62825e-25 1.2079e-25 1.91683e-25 1.8549e-25 3.53429e-25 2.81457e-25 3.87564e-25 2.23509e-25 3.32474e-25 2.95913e-25 2.53194e-25 4.51428e-25 4.18886e-25 2.63184e-25 2.19642e-25 2.07794e-25 
3.26789e-25 1.47109e-25 2.09879e-25 3.53115e-25 2.28153e-25 2.5972e-25 2.46572e-25 3.22844e-25 3.88957e-25 3.84055e-25 4.28203e-25 1.70356e-25 3.27049e-25 3.66875e-25 1.98488e-25 3.56533e-25 1.60904e-25 2.12052e-25 5.32404e-25 5.57566e-25 1.87927e-25 2.64607e-25 4.56904e-25 1.46139e-25 4.98617e-25 4.1387e-25 4.97674e-25 3.37947e-25 1.6848e-25 4.77352e-25 2.17318e-25 4.04262e-25 4.12024e-25 5.79053e-25 3.54641e-25 3.19261e-25 4.4906e-25 2.94494e-25 4.70448e-25 2.60826e-25 5.67689e-25 3.87317e-25 3.12485e-25 2.48369e-25 3.50874e-25 2.66412e-25 3.47364e-25 3.23844e-25 1.16614e-25 2.36755e-25 1.52382e-25 2.03095e-25 2.96991e-25 3.52705e-25 1.63722e-25 3.48549e-25 3.23421e-25 1.72948e-25 3.6277e-25 2.62949e-25 3.19098e-25 3.09974e-25 4.30967e-25 5.44389e-25 4.85991e-25 4.69146e-25 1.45847e-25 3.83078e-25 4.23134e-25 2.43318e-25 3.19256e-25 4.70695e-25 2.64551e-25 2.92269e-25 4.28605e-25 3.80513e-25 2.58368e-25 2.66486e-25 2.54749e-25 2.39494e-25 3.06681e-25 3.16086e-25 2.47558e-25 2.30188e-25 4.9597e-25 2.79313e-25 5.1291e-25 3.22027e-25 3.58342e-25 2.17831e-25 3.81058e-25 1.75276e-25 2.75962e-25 1.77293e-25 2.77382e-25 3.48922e-25 4.15018e-25 8.63533e-26 4.38171e-25 2.82865e-25 
8.74493e-26 3.98563e-25 2.10245e-25 3.88996e-25 1.77558e-25 3.52129e-25 3.15869e-25 2.614e-25 3.16502e-25 3.51389e-25 2.71114e-25 3.85238e-25 3.54912e-25 4.9655e-25 2.12618e-25 2.59982e-25 2.52679e-25 3.37862e-25 3.85649e-25 1.49407e-25 3.63162e-25 5.29626e-25 2.89984e-25 3.73684e-25 3.33677e-25 6.06871e-25 5.43234e-25 4.07006e-25 4.62552e-25 5.40124e-25 3.67648e-25 3.64027e-25 3.67874e-25 4.01241e-25 3.39877e-25 1.86633e-25 2.40319e-25 5.37666e-25 3.11066e-25 5.38104e-25 5.95685e-25 3.98374e-25 3.14404e-25 1.77005e-25 2.00104e-25 3.80036e-25 2.87182e-25 5.28714e-25 4.03914e-25 2.31651e-25 3.41034e-25 4.50972e-25 3.20977e-25 4.66119e-25 4.10477e-25 3.64157e-25 3.91181e-25 2.75056e-25 4.49341e-25 5.12917e-25 1.36351e-25 5.20139e-25 3.73409e-25 3.29018e-25 3.88436e-25 2.98378e-25 2.38655e-25 5.81239e-25 5.79045e-25 5.70573e-25 5.80251e-25 2.44715e-25 2.20493e-25 2.75604e-25 2.64471e-25 1.94433e-25 3.30093e-25 3.09918e-25 1.80785e-25 3.09556e-25 2.37697e-25 3.69567e-25 2.19928e-25 1.56406e-25 2.37908e-25 3.47773e-25 4.29359e-25 2.61694e-25 3.99806e-25 1.5412e-25 6.14746e-25 4.80592e-25 4.00861e-25 2.52485e-25 2.91418e-25 2.85844e-25 2.1705e-25 3.58837e-25 1.75804e-25 2.35308e-25 
1.60725e-25 1.86324e-25 4.07726e-25 3.84473e-25 3.01876e-25 4.05183e-25 5.38179e-25 1.44817e-25 3.01713e-25 2.4445e-25 3.78915e-25 3.71364e-25 3.08881e-25 2.61736e-25 2.81794e-25 4.89893e-25 4.03419e-25 3.87694e-25 4.9251e-25 4.01916e-25 2.7072e-25 2.26478e-25 3.61684e-25 3.90125e-25 4.62981e-25 1.06155e-25 4.23908e-25 4.8547e-25 4.06111e-25 2.7747e-25 3.8643e-25 3.83986e-25 3.55021e-25 3.76483e-25 3.68688e-25 3.66279e-25 6.3951e-25 3.83296e-25 2.80499e-25 7.97855e-25 3.75454e-25 4.96743e-25 5.84566e-25 2.41235e-25 3.19967e-25 4.9419e-25 4.11005e-25 3.76727e-25 2.70067e-25 6.21612e-25 1.69454e-25 7.0737e-25 4.33825e-25 3.52175e-25 5.05031e-25 2.42124e-25 2.99497e-25 2.26931e-25 2.95893e-25 6.27652e-25 4.18515e-25 4.14054e-25 2.40557e-25 2.98924e-25 3.25884e-25 5.83308e-25 5.02899e-25 6.22619e-25 6.20464e-25 2.90169e-25 3.35742e-25 4.76029e-25 6.21718e-25 7.35467e-25 2.59131e-25 4.31867e-25 1.88104e-25 1.49796e-25 3.48522e-25 3.8459e-25 2.26216e-25 3.49344e-25 3.00977e-25 2.24381e-25 1.31754e-25 2.32068e-25 2.83933e-25 2.83797e-25 4.44014e-25 4.00339e-25 2.84847e-25 3.22997e-25 2.2508e-25 3.53079e-25 4.10852e-25 3.81591e-25 3.16811e-25 2.44507e-25 1.48974e-25 1.90254e-25 
1.88853e-25 1.78717e-25 3.28564e-25 3.32334e-25 4.27855e-25 4.69427e-25 4.39413e-25 2.5788e-25 3.11228e-25 1.15104e-25 4.45631e-25 2.86965e-25 3.06845e-25 5.50879e-25 3.99378e-25 4.53843e-25 3.24256e-25 3.31838e-25 4.51092e-25 2.19209e-25 3.84762e-25 5.81369e-25 3.1069e-25 7.6886e-25 2.57505e-25 5.33489e-25 4.38355e-25 1.32254e-25 6.16713e-25 2.00866e-25 1.55264e-25 1.40148e-25 1.72522e-25 3.11331e-25 5.3317e-25 3.27787e-25 1.99421e-25 6.80114e-25 1.54617e-25 4.17993e-25 4.24213e-25 1.72297e-25 4.42953e-25 2.41656e-25 5.40394e-25 5.4682e-25 4.75084e-25 5.45122e-25 3.26466e-25 4.95476e-25 3.97598e-25 2.85849e-25 2.06395e-25 5.75503e-25 1.84515e-25 2.30113e-25 3.73832e-25 5.80878e-25 5.00846e-25 2.49155e-25 3.5707e-25 4.0759e-25 7.10224e-25 8.40252e-25 3.34768e-25 2.99671e-25 5.16785e-25 7.84989e-25 3.65838e-25 2.8569e-25 4.09839e-25 3.37867e-25 1.79392e-25 4.65184e-25 4.77342e-25 3.20609e-25 4.69381e-25 3.23686e-25 2.52195e-25 2.84213e-25 3.08554e-25 9.0808e-26 4.90146e-25 5.02557e-25 3.63688e-25 2.23262e-25 3.20973e-25 3.88607e-25 2.66132e-25 2.1285e-25 3.24431e-25 6.8232e-25 4.12853e-25 6.33485e-25 2.98337e-25 3.1276e-25 1.56011e-25 2.90294e-25 1.57832e-25 2.38598e-25 
2.33564e-25 5.86384e-26 2.55502e-25 2.16887e-25 3.32786e-25 5.6303e-25 2.48581e-25 2.99067e-25 3.38612e-25 3.25246e-25 4.07072e-25 2.25561e-25 4.92362e-25 4.44398e-25 3.35363e-25 3.44694e-25 3.66909e-25 6.75565e-25 4.41656e-25 4.11647e-25 2.87382e-25 4.76919e-25 2.34018e-25 3.44829e-25 3.7234e-25 6.15756e-25 3.61555e-25 6.03742e-25 5.37121e-25 4.63046e-25 2.83697e-25 3.65511e-25 5.51533e-25 5.66611e-25 2.86123e-25 3.92463e-25 5.86905e-25 3.08987e-25 4.78039e-25 4.38822e-25 2.45596e-25 4.58361e-25 5.86691e-25 4.0672e-25 7.61192e-25 2.43377e-25 3.96573e-25 5.55635e-25 2.48801e-25 2.18342e-25 2.75463e-25 6.06892e-25 3.61337e-25 3.74028e-25 3.42317e-25 3.32455e-25 6.42315e-25 2.42627e-25 1.59345e-25 7.57323e-25 2.69818e-25 4.89145e-25 3.53286e-25 4.48244e-25 2.63124e-25 2.605e-25 6.48529e-25 1.69846e-25 1.87348e-25 4.11705e-25 4.43727e-25 5.76847e-25 2.9212e-25 5.81622e-25 5.49856e-25 2.69428e-25 6.37762e-25 5.10573e-25 3.44635e-25 2.60348e-25 5.51684e-25 3.64701e-25 4.60984e-25 2.58924e-25 3.71608e-25 3.12801e-25 3.74392e-25 3.5096e-25 3.10555e-25 4.64244e-25 3.34252e-25 2.18504e-25 4.6571e-25 4.1239e-25 1.35802e-25 2.30015e-25 4.1175e-25 3.04464e-25 3.47825e-25 4.69436e-25 
3.59655e-25 4.28777e-25 2.78495e-25 1.18563e-25 3.13806e-25 2.56454e-25 3.3225e-25 3.63491e-25 7.96638e-26 6.60745e-25 6.09222e-25 5.0482e-25 5.2224e-25 1.95135e-25 2.0512e-25 4.58298e-25 3.44006e-25 3.79848e-25 4.69226e-25 9.24397e-26 2.59817e-25 2.96395e-25 1.64896e-25 1.39611e-25 5.13379e-25 3.45249e-25 2.39366e-25 4.26602e-25 2.96651e-25 4.8796e-25 1.82591e-25 4.00467e-25 3.7715e-25 6.08654e-25 4.71147e-25 2.16395e-25 3.89451e-25 6.53205e-25 3.09567e-25 2.94413e-25 6.77415e-25 2.58953e-25 3.5272e-25 6.17024e-25 3.87233e-25 1.90897e-25 4.64926e-25 2.99506e-25 3.91427e-25 5.86602e-25 1.74466e-25 3.03187e-25 5.20495e-25 3.56232e-25 5.32423e-25 3.83831e-25 4.10218e-25 4.61607e-25 3.2986e-25 5.49811e-25 5.51902e-25 3.98356e-25 4.29619e-25 3.08037e-25 3.3224e-25 3.25269e-25 2.94117e-25 3.73684e-25 4.53049e-25 1.44391e-25 4.25655e-25 1.1853e-25 1.63716e-25 6.02644e-25 4.48182e-25 2.92026e-25 4.52052e-25 4.76465e-25 7.39193e-25 5.43932e-25 4.58887e-25 2.87767e-25 4.73855e-25 4.37774e-25 3.90358e-25 2.2434e-25 2.91188e-25 2.53111e-25 1.81057e-25 3.3347e-25 5.17628e-25 3.71268e-25 4.93002e-25 1.37513e-25 1.36685e-25 6.63582e-25 2.89956e-25 2.87623e-25 3.44835e-25 3.34739e-25 
3.13265e-25 4.10849e-25 2.37216e-25 2.91059e-25 2.63289e-25 4.11794e-25 3.78814e-25 1.63578e-25 5.35701e-25 1.03457e-25 4.91462e-25 5.55342e-25 2.88543e-25 6.14375e-25 3.65024e-25 5.25071e-25 5.58058e-25 2.97112e-25 4.26798e-25 4.24276e-25 6.24182e-25 2.35748e-25 5.7033e-25 6.60753e-25 2.53728e-25 3.44564e-25 5.18648e-25 3.44692e-25 4.60127e-25 3.90585e-25 6.32997e-25 3.9401e-25 2.41656e-25 7.14888e-25 5.20229e-25 3.8209e-25 4.99035e-25 6.40298e-25 1.86699e-25 6.39048e-25 4.87354e-25 3.16019e-25 5.65396e-25 1.97893e-25 5.30727e-25 3.46854e-25 6.71069e-25 5.99398e-25 7.63866e-25 6.31185e-25 6.47975e-25 2.47462e-25 4.67515e-25 4.22176e-25 5.92488e-25 2.79179e-25 3.0982e-25 3.7481e-25 5.04775e-25 4.56149e-25 5.36975e-25 5.3972e-25 2.91924e-25 4.54211e-25 6.42588e-25 3.42299e-25 5.61105e-25 2.59345e-25 4.3748e-25 4.56317e-25 5.06095e-25 5.02302e-25 5.55803e-25 5.09986e-25 4.76847e-25 8.83985e-25 2.59204e-25 3.17008e-25 2.81936e-25 4.33265e-25 5.65204e-25 4.6453e-25 3.66622e-25 4.54737e-25 6.32285e-25 3.68204e-25 2.16933e-25 2.53064e-25 2.36959e-25 3.54971e-25 4.1804e-25 4.08769e-25 4.15269e-25 5.1356e-25 1.4732e-25 4.12537e-25 2.55956e-25 4.87039e-25 2.10337e-25 4.7718e-25 
4.00064e-25 3.46667e-25 4.15472e-25 5.01548e-25 2.33803e-25 6.02797e-25 6.96433e-25 6.38333e-25 5.73537e-25 3.47381e-25 4.23011e-25 6.57869e-25 5.18298e-25 3.98241e-25 5.01238e-25 3.96306e-25 4.17179e-25 2.20949e-25 4.33729e-25 3.84239e-25 3.08566e-25 5.86686e-25 2.72413e-25 6.74678e-25 3.18857e-25 4.16394e-25 5.55041e-25 6.24632e-25 3.46483e-25 4.61619e-25 5.91884e-25 3.52555e-25 6.0444e-25 4.39819e-25 5.27299e-25 7.57065e-25 7.23756e-25 3.24903e-25 5.16089e-25 5.46904e-25 2.7122e-25 3.8366e-25 4.63697e-25 6.85678e-25 3.05652e-25 4.24245e-25 5.19469e-25 2.6113e-25 1.80781e-25 5.53834e-25 5.0252e-25 6.04231e-25 4.86368e-25 5.72056e-25 3.90961e-25 3.6694e-25 4.48957e-25 5.14852e-25 3.01617e-25 4.06679e-25 4.5513e-25 2.6737e-25 8.13489e-25 5.21001e-25 6.94528e-25 3.42143e-25 8.58329e-25 6.93502e-25 3.54271e-25 4.92207e-25 6.39646e-25 4.74693e-25 6.31479e-25 6.16359e-25 4.06887e-25 7.87286e-25 7.77192e-25 4.33632e-25 1.82235e-25 3.60933e-25 4.94737e-25 2.67868e-25 4.69262e-25 4.5596e-25 4.39991e-25 4.11971e-25 5.4063e-25 3.16413e-25 3.53104e-25 5.38589e-25 4.82339e-25 3.74399e-25 2.32081e-25 5.1805e-25 2.26471e-25 4.74461e-25 4.08784e-25 6.11415e-25 2.72262e-25 2.89202e-25 
4.15715e-25 3.22933e-25 3.47604e-25 5.24387e-25 5.18868e-25 2.97305e-25 7.12427e-25 6.4024e-25 4.03041e-25 6.27817e-25 5.02783e-25 2.88077e-25 4.83069e-25 6.74971e-25 5.17305e-25 5.25422e-25 4.99559e-25 5.43002e-25 3.1809e-25 4.97628e-25 2.78712e-25 4.56147e-25 3.36472e-25 7.88428e-25 4.53669e-25 2.60769e-25 2.86358e-25 5.58927e-25 4.37664e-25 3.08801e-25 4.5259e-25 4.12477e-25 3.20321e-25 6.22678e-25 3.28812e-25 5.77607e-25 3.31662e-25 2.28862e-25 4.8142e-25 2.72094e-25 5.4197e-25 5.13025e-25 5.01696e-25 5.31177e-25 7.90657e-25 7.71002e-25 4.97306e-25 7.09153e-25 3.67889e-25 4.27498e-25 5.14484e-25 4.34559e-25 5.38948e-25 4.0268e-25 3.93683e-25 6.04759e-25 5.53353e-25 3.25549e-25 3.738e-25 3.57049e-25 3.81993e-25 1.34866e-25 7.94205e-25 2.21729e-25 7.49577e-25 3.82808e-25 3.38076e-25 4.03963e-25 5.0108e-25 5.47471e-25 4.35124e-25 5.64512e-25 6.07812e-25 4.73239e-25 2.89346e-25 3.15297e-25 6.22352e-25 7.76613e-25 1.01016e-25 3.80053e-25 8.61618e-25 4.00961e-25 2.30179e-25 8.62708e-25 5.89844e-25 5.07525e-25 4.31365e-25 4.63467e-25 4.3323e-25 4.77671e-25 2.55652e-25 3.17604e-25 5.19984e-25 1.0426e-25 3.1591e-25 4.56726e-25 9.57381e-26 2.82462e-25 2.78174e-25 1.12855e-25 
2.07067e-25 3.62981e-25 3.01306e-25 4.69383e-25 4.31905e-25 4.41647e-25 6.74684e-25 2.97708e-25 3.60984e-25 5.49582e-25 1.73469e-25 6.72923e-26 6.5692e-25 6.0375e-25 3.79023e-25 2.89821e-25 3.00374e-25 6.98011e-25 5.36935e-25 4.34939e-25 4.35084e-25 5.92215e-25 7.17816e-25 2.82207e-25 8.52076e-25 6.59077e-25 7.64319e-25 2.10553e-25 3.10304e-25 5.30017e-25 6.56889e-25 5.15989e-25 8.37242e-25 6.75414e-25 5.16395e-25 3.93649e-25 4.0414e-25 5.28588e-25 3.45703e-25 2.76639e-25 3.82791e-25 6.62282e-25 5.42631e-25 4.36327e-25 9.00816e-25 4.92384e-25 2.51092e-25 4.64103e-25 5.06976e-25 5.04697e-25 6.52941e-25 5.76667e-25 4.20562e-25 3.43199e-25 5.30651e-25 5.7491e-25 3.5248e-25 3.27354e-25 5.55401e-25 3.16326e-25 4.49099e-25 8.70057e-25 4.42137e-25 4.89354e-25 8.54028e-25 4.66008e-25 7.88517e-25 8.30561e-25 3.06237e-25 5.18655e-25 5.60136e-25 6.41626e-25 2.77187e-25 7.33106e-25 6.6868e-25 4.8042e-25 5.0651e-25 5.91341e-25 3.68485e-25 4.70101e-25 3.78357e-25 5.11038e-25 7.14969e-25 2.12471e-25 6.01007e-25 6.02961e-25 1.907e-25 4.90632e-25 3.47048e-25 4.15609e-25 6.22653e-25 2.83544e-25 5.23045e-25 1.72577e-25 3.9368e-25 3.0616e-25 3.76016e-25 1.1008e-25 3.95826e-25 3.79744e-25 
4.50342e-25 1.55064e-25 6.04402e-25 2.78137e-25 3.63116e-25 2.56062e-25 3.02478e-25 4.82669e-25 6.20737e-25 3.04908e-25 3.67026e-25 5.98578e-25 3.6164e-25 4.19924e-25 5.79266e-25 4.19537e-25 5.01493e-25 6.68932e-25 3.68175e-25 5.62053e-25 5.98827e-25 3.84012e-25 2.2022e-25 3.28145e-25 5.43975e-25 3.0071e-25 7.91594e-25 5.43021e-25 5.06101e-25 4.88892e-25 2.71821e-25 5.58646e-25 4.02442e-25 5.44719e-25 5.79297e-25 5.95979e-25 4.14818e-25 7.40138e-25 4.13733e-25 5.24873e-25 5.11022e-25 6.37694e-25 2.42199e-25 5.40761e-25 6.33028e-25 8.3059e-25 2.00708e-25 5.29294e-25 7.30394e-25 2.17987e-25 7.93949e-25 3.16178e-25 4.47315e-25 3.59059e-25 6.6652e-25 5.58605e-25 6.30078e-25 5.50373e-25 4.52103e-25 4.90458e-25 6.45065e-25 2.66538e-25 5.99304e-25 7.90963e-25 4.7498e-25 4.16064e-25 5.41836e-25 5.93225e-25 5.37945e-25 5.8094e-25 5.13992e-25 7.05947e-25 4.36373e-25 5.11205e-25 4.84645e-25 1.54087e-25 8.07436e-25 4.30312e-25 4.19589e-25 4.37753e-25 6.27731e-25 6.17291e-25 3.01359e-25 5.22546e-25 3.27469e-25 5.43322e-25 3.17265e-25 3.04458e-25 4.15955e-25 7.40323e-25 6.7821e-25 4.2269e-25 4.61248e-25 3.62192e-25 4.73726e-25 3.78551e-25 4.4343e-25 6.74253e-25 3.41928e-25 3.35573e-25 
3.85513e-25 4.10531e-25 4.83936e-25 4.10433e-25 4.56062e-25 4.54144e-25 4.37099e-25 3.82861e-25 1.96304e-25 5.70448e-25 3.04918e-25 3.5008e-25 6.07662e-25 6.37302e-25 7.36888e-25 2.84185e-25 5.10533e-25 6.48536e-25 5.75581e-25 6.78016e-25 4.59494e-25 5.35939e-25 7.45904e-25 4.1678e-25 5.18964e-25 9.15559e-25 4.14821e-25 7.05211e-25 5.16704e-25 7.43279e-25 7.22893e-25 4.22539e-25 7.0623e-25 7.96196e-25 6.6021e-25 5.71107e-25 6.03214e-25 5.52676e-25 7.25129e-25 7.54967e-25 4.87789e-25 5.67702e-25 9.2225e-25 5.79911e-25 4.8204e-25 7.407e-25 4.69959e-25 6.68982e-25 7.55411e-25 7.16521e-25 4.10896e-25 4.75104e-25 4.18982e-25 5.83926e-25 2.35136e-25 6.3788e-25 9.19015e-25 7.30437e-25 6.65723e-25 8.25534e-25 6.76136e-25 2.71733e-25 4.85829e-25 3.10902e-25 6.41998e-25 4.45859e-25 4.02115e-25 4.23359e-25 5.3221e-25 5.46197e-25 8.98692e-25 5.49693e-25 6.2147e-25 9.41971e-25 4.31838e-25 7.04301e-25 6.65147e-25 4.42307e-25 4.81243e-25 9.52581e-25 3.17591e-25 4.26519e-25 3.36145e-25 5.44502e-25 5.50259e-25 4.48224e-25 6.29833e-25 4.43413e-25 6.78806e-25 7.82703e-25 3.18699e-25 4.56757e-25 1.57288e-25 2.54471e-25 3.71948e-25 2.61404e-25 5.41674e-25 5.49501e-25 3.71307e-25 4.32338e-25 
7.29095e-26 3.16087e-25 3.99471e-25 3.8579e-25 4.5061e-25 5.7555e-25 2.26994e-25 7.20981e-25 7.08513e-25 6.65683e-25 4.32877e-25 7.46478e-25 5.39773e-25 4.98584e-25 1.34862e-25 6.27615e-25 7.50497e-25 5.19735e-25 6.78129e-25 6.57099e-25 6.01525e-25 5.01086e-25 5.75763e-25 5.23354e-25 6.9178e-25 7.24536e-25 7.70097e-25 5.94638e-25 6.48722e-25 7.85654e-25 9.53703e-25 7.20619e-25 5.16835e-25 6.81504e-25 5.20025e-25 5.4944e-25 2.60322e-25 3.63226e-25 7.41674e-25 4.65091e-25 5.01887e-25 2.52342e-25 6.44863e-25 6.92778e-25 5.6367e-25 5.49704e-25 5.74319e-25 6.40705e-25 4.80426e-25 5.79266e-25 8.61057e-25 7.10042e-25 6.597e-25 1.00423e-24 4.02922e-25 5.15299e-25 5.51717e-25 5.59778e-25 7.56928e-25 3.33021e-25 7.07917e-25 5.9629e-25 9.28294e-25 5.59598e-25 5.09749e-25 4.11891e-25 8.09351e-25 5.00332e-25 6.18772e-25 6.0832e-25 6.30767e-25 3.2521e-25 6.39112e-25 6.62015e-25 4.15179e-25 7.6271e-25 6.39992e-25 6.72301e-25 4.49179e-25 7.10976e-25 5.35953e-25 5.3384e-25 6.51551e-25 7.41679e-25 3.81193e-25 2.60619e-25 3.4964e-25 3.52612e-25 6.8792e-25 5.12028e-25 3.46057e-25 7.74565e-25 3.94759e-25 3.13484e-25 3.7789e-25 4.81187e-25 4.77733e-25 3.87447e-25 3.35903e-25 2.14394e-25 
1.50549e-25 4.14211e-25 3.23937e-25 4.99426e-25 4.04254e-25 3.93411e-25 2.83983e-25 5.56084e-25 2.88586e-25 4.61712e-25 4.05555e-25 6.53872e-25 5.56586e-25 4.87907e-25 3.53139e-25 3.96514e-25 5.9286e-25 5.05612e-25 9.03827e-25 6.56044e-25 6.11451e-25 5.43688e-25 6.63723e-25 7.58849e-25 6.60288e-25 6.69744e-25 6.08478e-25 3.66205e-25 5.31011e-25 6.99833e-25 4.18272e-25 6.71285e-25 5.07434e-25 3.77533e-25 5.77967e-25 7.63992e-25 6.57425e-25 5.2262e-25 1.0036e-24 2.93466e-25 9.10089e-25 4.59377e-25 8.53664e-25 5.84477e-25 6.50473e-25 5.85027e-25 5.39841e-25 3.52087e-25 6.19061e-25 3.15422e-25 5.46798e-25 3.82327e-25 6.02578e-25 8.67734e-25 6.27147e-25 9.26985e-25 5.97084e-25 5.78245e-25 4.73645e-25 6.68988e-25 1.75006e-25 5.62424e-25 8.94762e-25 6.28073e-25 7.15238e-25 5.26401e-25 5.6503e-25 4.30607e-25 4.04456e-25 4.64763e-25 7.50418e-25 5.27947e-25 7.83726e-25 8.61486e-25 3.63541e-25 6.28816e-25 3.87804e-25 3.74563e-25 7.05159e-25 4.82231e-25 7.50881e-25 5.37354e-25 3.64282e-25 2.62068e-25 7.42431e-25 4.50452e-25 7.13265e-25 6.70164e-25 3.68827e-25 2.97985e-25 4.5993e-25 7.16501e-25 5.16467e-25 5.61645e-25 5.52499e-25 3.61353e-25 4.14483e-25 4.73544e-25 3.97028e-25 6.90299e-26 
5.74235e-25 4.32181e-25 2.27517e-25 4.32107e-25 4.1321e-25 4.88488e-25 7.38012e-25 3.1239e-25 3.81959e-25 2.7508e-25 9.08331e-25 6.80002e-25 4.12556e-25 7.97216e-25 5.38265e-25 5.02649e-25 4.89433e-25 4.37718e-25 3.47374e-25 5.0104e-25 5.1346e-25 6.12049e-25 3.93603e-25 7.26887e-25 6.35694e-25 3.40202e-25 4.78445e-25 9.64799e-25 8.05473e-25 2.74867e-25 3.13781e-25 7.0407e-25 5.84518e-25 8.01712e-25 8.05133e-25 5.68714e-25 7.963e-25 7.49628e-25 7.93955e-25 6.11868e-25 7.16476e-25 5.42279e-25 6.75925e-25 8.05808e-25 6.58675e-25 5.30159e-25 6.22508e-25 9.2393e-25 4.20942e-25 8.74159e-25 6.78391e-25 8.76308e-25 1.14485e-24 7.27042e-25 7.41239e-25 8.99916e-25 4.48241e-25 6.99887e-25 6.39186e-25 5.50347e-25 5.35774e-25 9.6439e-25 3.14734e-25 8.79429e-25 5.1792e-25 6.22322e-25 6.51121e-25 6.13844e-25 4.79606e-25 4.19629e-25 7.66334e-25 5.62263e-25 2.71755e-25 6.92801e-25 5.63354e-25 7.6158e-25 3.06137e-25 9.35217e-25 4.96696e-25 7.12521e-25 6.0315e-25 5.81756e-25 6.72224e-25 8.29894e-25 6.04314e-25 8.23739e-25 6.75098e-25 8.91675e-25 9.65141e-25 4.58216e-25 5.20294e-25 5.51515e-25 5.30144e-25 6.23291e-25 3.16541e-25 7.35089e-25 6.50966e-25 4.93065e-25 3.81925e-25 6.65881e-25 
2.54891e-25 6.10253e-25 7.02878e-25 5.38203e-25 2.70509e-25 6.96369e-25 5.24939e-25 5.08644e-25 6.70677e-25 3.96383e-25 4.25014e-25 5.95983e-25 7.41742e-25 5.81584e-25 2.57429e-25 4.67058e-25 4.23166e-25 5.99121e-25 7.6314e-25 4.92075e-25 9.94954e-25 5.00627e-25 5.99067e-25 3.28196e-25 7.01186e-25 7.64827e-25 6.42676e-25 7.54975e-25 5.22646e-25 6.78665e-25 5.79443e-25 4.51283e-25 7.5097e-25 6.03985e-25 6.84925e-25 1.0785e-24 6.42055e-25 5.98486e-25 4.64983e-25 7.04371e-25 4.78816e-25 8.23782e-25 7.67806e-25 5.33961e-25 6.26678e-25 6.51451e-25 5.71234e-25 4.39198e-25 9.34109e-25 5.44923e-25 5.99038e-25 8.43922e-25 8.19175e-25 8.5711e-25 3.63964e-25 6.88809e-25 5.05922e-25 5.59232e-25 7.21746e-25 4.84469e-25 8.3263e-25 7.70778e-25 6.16937e-25 7.12744e-25 6.06931e-25 6.85029e-25 7.54117e-25 5.21331e-25 2.08343e-25 8.19395e-25 8.83357e-25 7.66199e-25 5.26786e-25 6.22654e-25 4.60617e-25 5.53214e-25 6.00432e-25 6.19529e-25 7.78789e-25 4.75926e-25 6.15447e-25 5.13679e-25 5.45517e-25 6.89726e-25 3.76873e-25 6.78549e-25 9.04546e-25 4.62638e-25 5.00107e-25 6.57573e-25 5.6192e-25 4.98063e-25 4.99997e-25 7.07072e-25 5.45791e-25 4.94864e-25 9.77246e-25 3.49411e-25 4.5928e-25 4.08937e-25 
3.29521e-25 5.33396e-25 8.6222e-25 5.04613e-25 2.6603e-25 6.85582e-25 4.64017e-25 5.46805e-25 7.24671e-25 6.25767e-25 8.02118e-25 2.62069e-25 2.75921e-25 5.5371e-25 7.42031e-25 3.81226e-25 3.5272e-25 6.8744e-25 4.32943e-25 6.09575e-25 7.79198e-25 5.58869e-25 5.11557e-25 4.93859e-25 5.89805e-25 6.41949e-25 4.36036e-25 7.02642e-25 5.85617e-25 5.12758e-25 6.00593e-25 4.95032e-25 8.277e-25 9.07747e-25 5.03461e-25 6.09237e-25 8.69425e-25 6.50229e-25 5.94524e-25 7.55604e-25 6.71072e-25 1.02478e-24 8.68172e-25 6.24321e-25 5.64385e-25 9.83483e-25 7.70234e-25 7.77357e-25 9.54949e-25 8.40319e-25 7.20719e-25 6.49591e-25 6.98519e-25 1.00243e-24 6.96868e-25 6.67305e-25 5.35966e-25 7.22146e-25 6.23881e-25 5.03704e-25 7.03745e-25 7.57373e-25 4.93532e-25 1.09563e-24 7.67289e-25 5.16485e-25 5.71259e-25 7.31855e-25 5.94956e-25 1.11089e-24 5.10899e-25 8.36391e-25 9.85417e-25 7.72963e-25 6.70353e-25 5.08648e-25 5.23199e-25 5.77492e-25 6.30055e-25 9.8835e-25 6.52782e-25 5.03326e-25 6.18503e-25 6.49448e-25 2.04387e-25 7.50559e-25 3.64569e-25 3.60181e-25 6.2943e-25 6.57118e-25 7.79987e-25 5.5842e-25 4.17466e-25 5.4296e-25 4.74071e-25 4.62137e-25 6.9698e-25 3.65388e-25 5.73661e-25 3.17824e-25 
4.73455e-25 4.43408e-25 4.04195e-25 2.6229e-25 3.06184e-25 5.38997e-25 9.50983e-25 5.47227e-25 4.40511e-25 4.33098e-25 4.59805e-25 6.58353e-25 8.05075e-25 5.9473e-25 5.7315e-25 5.64544e-25 5.10862e-25 5.88251e-25 7.10953e-25 2.17468e-25 6.79283e-25 6.79113e-25 5.31361e-25 6.50151e-25 8.80202e-25 3.99637e-25 4.77906e-25 1.09646e-24 7.3755e-25 8.7293e-25 1.00078e-24 7.38884e-25 5.39871e-25 9.64009e-25 6.47555e-25 6.62933e-25 5.90408e-25 8.66497e-25 8.07795e-25 6.55407e-25 9.02044e-25 8.40371e-25 6.72584e-25 8.02143e-25 8.9532e-25 8.10379e-25 7.96408e-25 6.76742e-25 6.40761e-25 7.69498e-25 8.92706e-25 6.34291e-25 5.67815e-25 5.15757e-25 7.59516e-25 5.25505e-25 6.71275e-25 7.54832e-25 6.54355e-25 7.54437e-25 1.21884e-24 5.17281e-25 6.96761e-25 4.65086e-25 8.55397e-25 5.21304e-25 1.01938e-24 5.1384e-25 7.30609e-25 4.06452e-25 5.41233e-25 8.07555e-25 5.48331e-25 6.427e-25 6.90384e-25 4.24946e-25 4.20652e-25 6.95326e-25 8.03604e-25 6.16634e-25 5.74019e-25 6.52065e-25 3.91898e-25 7.71351e-25 5.73915e-25 4.60172e-25 5.63364e-25 5.39954e-25 2.25768e-25 4.04597e-25 4.48325e-25 5.91881e-25 6.82828e-25 5.70008e-25 5.2105e-25 4.0192e-25 4.75142e-25 2.72111e-25 1.60562e-25 3.41773e-25 
5.21557e-25 5.45792e-25 7.53647e-25 3.73755e-25 7.34939e-25 5.72748e-25 6.04491e-25 5.39248e-25 5.68745e-25 6.78667e-25 8.60193e-25 4.74076e-25 5.78471e-25 7.49946e-25 4.37347e-25 8.32322e-25 8.5887e-25 8.87737e-25 8.45226e-25 6.25299e-25 8.53019e-25 4.75724e-25 3.60231e-25 6.16651e-25 9.12335e-25 6.96863e-25 8.68799e-25 1.06672e-24 5.64153e-25 4.87193e-25 7.8209e-25 1.00887e-24 7.12091e-25 6.42752e-25 9.67066e-25 6.21422e-25 1.36655e-24 3.80074e-25 7.77246e-25 4.70099e-25 4.9759e-25 1.04574e-24 6.70971e-25 5.28059e-25 8.31142e-25 5.23326e-25 9.00107e-25 9.1029e-25 1.17261e-24 6.09755e-25 9.86216e-25 5.92747e-25 5.64372e-25 1.0054e-24 8.84686e-25 9.8858e-25 3.84798e-25 7.31389e-25 8.66494e-25 9.23562e-25 8.67307e-25 7.5148e-25 4.17801e-25 3.68792e-25 5.08312e-25 1.06281e-24 7.6934e-25 6.89286e-25 8.65854e-25 9.11451e-25 7.19997e-25 3.55896e-25 7.01124e-25 4.45038e-25 7.68671e-25 8.21225e-25 8.38663e-25 8.20004e-25 6.56389e-25 9.64586e-25 4.49099e-25 6.85464e-25 7.52926e-25 6.99271e-25 5.66661e-25 6.00391e-25 3.49931e-25 6.68081e-25 3.77751e-25 7.83479e-25 8.56368e-25 7.28281e-25 6.56277e-25 5.20892e-25 6.53207e-25 3.82586e-25 5.57862e-25 7.37776e-25 3.56953e-25 3.1954e-25 
5.79659e-25 5.56048e-25 4.90357e-25 3.81623e-25 7.03457e-25 6.46226e-25 3.40303e-25 5.75806e-25 4.18737e-25 7.08073e-25 4.32536e-25 7.98686e-25 7.88556e-25 1.13116e-24 6.82369e-25 4.83394e-25 7.86629e-25 6.13675e-25 6.25026e-25 7.40632e-25 1.02408e-24 8.75732e-25 1.07507e-24 8.04928e-25 6.53664e-25 5.91518e-25 7.67584e-25 7.56275e-25 7.82183e-25 9.8163e-25 7.12056e-25 4.97204e-25 7.26362e-25 8.64693e-25 6.55896e-25 6.55918e-25 7.63153e-25 8.91894e-25 1.02519e-24 9.27659e-25 9.44592e-25 6.55464e-25 1.00986e-24 7.26563e-25 1.0874e-24 1.18688e-24 8.47123e-25 8.39809e-25 1.00867e-24 6.95989e-25 7.62093e-25 6.80228e-25 5.76173e-25 8.89959e-25 7.79401e-25 7.11241e-25 1.10651e-24 7.51809e-25 8.48497e-25 8.96344e-25 7.16043e-25 6.59548e-25 1.05656e-24 7.44079e-25 6.40371e-25 7.11134e-25 8.47181e-25 9.38424e-25 1.11139e-24 5.89371e-25 8.51178e-25 9.0196e-25 9.07792e-25 1.06865e-24 1.16142e-24 6.87695e-25 6.08278e-25 3.9845e-25 9.41377e-25 5.92014e-25 7.51962e-25 9.61768e-25 8.375e-25 4.99957e-25 5.90528e-25 1.03645e-24 8.6048e-25 7.50011e-25 7.36377e-25 6.64126e-25 7.47634e-25 9.38144e-25 4.46061e-25 6.29645e-25 8.74338e-25 2.3284e-25 6.80617e-25 1.69876e-25 3.61325e-25 4.84796e-25 
2.90046e-25 7.62007e-25 2.61616e-25 8.18247e-25 5.62907e-25 9.04881e-25 6.68494e-25 5.5514e-25 4.00721e-25 8.94987e-25 4.87999e-25 6.63118e-25 7.61386e-25 6.43634e-25 6.19041e-25 7.1434e-25 7.29898e-25 1.01021e-24 4.79393e-25 7.28559e-25 5.21775e-25 7.32485e-25 8.47241e-25 1.05562e-24 4.98989e-25 1.09251e-24 7.68218e-25 9.48003e-25 7.70433e-25 1.14476e-24 7.54822e-25 4.48575e-25 9.50288e-25 9.73098e-25 7.0265e-25 8.24231e-25 9.85856e-25 9.88799e-25 9.4909e-25 4.56082e-25 8.87709e-25 6.74119e-25 8.28037e-25 1.42418e-24 7.68458e-25 1.14618e-24 6.2477e-25 7.83336e-25 1.18322e-24 1.00175e-24 3.87297e-25 8.08929e-25 1.0135e-24 8.01779e-25 6.01634e-25 1.10398e-24 1.09545e-24 1.10803e-24 9.97007e-25 8.81688e-25 7.37658e-25 8.46792e-25 8.15847e-25 1.04665e-24 1.0372e-24 8.50997e-25 1.04936e-24 9.06715e-25 5.67645e-25 9.47072e-25 1.10968e-24 8.30802e-25 6.4119e-25 8.54947e-25 6.24591e-25 7.58449e-25 7.86486e-25 7.4919e-25 8.52928e-25 6.89222e-25 7.08033e-25 8.18971e-25 8.35423e-25 6.67587e-25 5.90562e-25 7.70378e-25 6.61468e-25 6.7475e-25 6.33905e-25 3.49177e-25 6.71084e-25 7.92792e-25 9.15394e-25 9.76584e-25 7.08278e-25 9.35425e-25 4.63455e-25 3.71785e-25 4.53858e-25 2.37515e-25 
6.97429e-25 4.01088e-25 5.96705e-25 5.02907e-25 7.905e-25 5.94773e-25 8.83639e-25 5.23922e-25 5.69561e-25 4.46233e-25 7.1868e-25 7.77247e-25 6.87265e-25 1.15373e-24 3.33738e-25 6.64197e-25 7.65048e-25 8.4586e-25 4.86421e-25 6.42667e-25 7.57276e-25 1.46317e-24 7.94232e-25 9.831e-25 1.15219e-24 5.61646e-25 9.08058e-25 5.28311e-25 6.28055e-25 9.70275e-25 1.11812e-24 7.27373e-25 1.07342e-24 1.00471e-24 8.45309e-25 8.38065e-25 8.68645e-25 9.41155e-25 1.17852e-24 1.13819e-24 6.7707e-25 8.213e-25 8.70234e-25 4.83989e-25 8.56933e-25 7.02468e-25 8.77975e-25 8.89395e-25 5.31399e-25 8.95069e-25 8.22647e-25 1.01758e-24 8.83996e-25 1.16642e-24 7.79379e-25 8.40112e-25 7.51333e-25 1.34972e-24 1.10082e-24 1.00842e-24 8.29575e-25 8.18509e-25 1.17843e-24 6.84867e-25 1.13904e-24 6.01849e-25 8.61477e-25 5.97005e-25 8.54875e-25 7.55446e-25 1.06018e-24 6.47539e-25 8.64442e-25 5.30544e-25 1.09115e-24 7.88093e-25 9.66552e-25 9.45726e-25 3.93769e-25 7.45423e-25 6.43443e-25 9.1666e-25 8.56398e-25 4.81103e-25 8.97626e-25 9.57856e-25 7.85394e-25 5.75079e-25 9.32421e-25 6.57102e-25 5.60072e-25 9.15357e-25 9.73783e-25 5.16758e-25 7.53547e-25 4.91952e-25 5.13383e-25 3.91228e-25 6.24729e-25 5.03501e-25 
5.09963e-25 5.30689e-25 4.40632e-25 5.78053e-25 3.77441e-25 4.32002e-25 8.53815e-25 3.01791e-25 7.29054e-25 7.31056e-25 8.38367e-25 6.46212e-25 9.94945e-25 1.08337e-24 5.66579e-25 7.93939e-25 7.63128e-25 9.73049e-25 9.65254e-25 1.0641e-24 6.46328e-25 6.57808e-25 9.27964e-25 4.09286e-25 8.15571e-25 8.26476e-25 8.45593e-25 8.69848e-25 6.80041e-25 1.20983e-24 1.07399e-24 8.5582e-25 7.24891e-25 1.21766e-24 8.22055e-25 7.76139e-25 1.0354e-24 4.58149e-25 1.12289e-24 9.123e-25 7.24365e-25 1.36924e-24 1.05674e-24 1.02908e-24 7.29121e-25 9.73787e-25 8.54176e-25 8.87644e-25 1.13575e-24 1.1433e-24 4.47463e-25 9.73031e-25 8.27894e-25 8.79192e-25 6.85621e-25 9.8464e-25 6.87117e-25 8.32621e-25 8.5784e-25 7.82186e-25 9.28671e-25 7.94979e-25 6.98119e-25 9.41564e-25 9.51126e-25 7.37206e-25 8.4362e-25 6.24868e-25 1.19414e-24 1.35749e-24 8.07107e-25 6.04858e-25 1.02846e-24 1.12984e-24 1.10197e-24 9.32692e-25 6.97103e-25 8.39275e-25 7.70594e-25 9.64976e-25 7.73393e-25 1.11183e-24 1.08794e-24 1.20689e-24 4.96242e-25 8.04931e-25 8.07945e-25 9.76618e-25 7.52429e-25 1.10432e-24 4.08742e-25 8.58455e-25 7.90862e-25 1.03304e-24 7.42135e-25 3.11992e-25 6.29506e-25 7.14239e-25 3.9247e-25 3.78878e-25 
7.51188e-25 5.29423e-25 3.60179e-25 4.73842e-25 5.36009e-25 6.38432e-25 6.49709e-25 6.13134e-25 8.04911e-25 5.4099e-25 5.23762e-25 7.37537e-25 7.5136e-25 7.31934e-25 5.2327e-25 4.40079e-25 6.27187e-25 5.69589e-25 1.11836e-24 4.79202e-25 5.95672e-25 1.00229e-24 1.1172e-24 7.11137e-25 7.33254e-25 9.52874e-25 8.0083e-25 8.05987e-25 1.00473e-24 1.2059e-24 1.35524e-24 1.32301e-24 1.03341e-24 7.34533e-25 7.72825e-25 1.06657e-24 9.87881e-25 1.42372e-24 9.28176e-25 8.14778e-25 3.81955e-25 1.37525e-24 1.64765e-24 7.81728e-25 9.66518e-25 1.14225e-24 9.13578e-25 1.38307e-24 9.44829e-25 9.97899e-25 1.04616e-24 1.18905e-24 1.22364e-24 8.30464e-25 1.09001e-24 1.05034e-24 1.02833e-24 7.86936e-25 8.32267e-25 9.69931e-25 1.02872e-24 1.05656e-24 9.82123e-25 7.40403e-25 1.16557e-24 7.6982e-25 9.24373e-25 1.0465e-24 1.21468e-24 8.41665e-25 6.83617e-25 9.7058e-25 7.2279e-25 9.61993e-25 1.05544e-24 8.07409e-25 1.29597e-24 7.82134e-25 1.13069e-24 6.0995e-25 5.33544e-25 6.41296e-25 7.16574e-25 5.6198e-25 9.03818e-25 9.25264e-25 1.24443e-24 7.11203e-25 3.72468e-25 8.50818e-25 7.34149e-25 1.03687e-24 7.75086e-25 7.96299e-25 6.79027e-25 7.22952e-25 5.72724e-25 3.67648e-25 7.31562e-25 2.42133e-25 
6.59994e-25 3.89454e-25 7.02334e-25 3.85675e-25 6.9528e-25 6.94123e-25 5.01288e-25 5.94663e-25 7.92687e-25 4.3595e-25 5.79002e-25 7.84939e-25 1.15316e-24 1.04784e-24 7.04271e-25 9.93209e-25 7.03557e-25 4.28165e-25 7.46037e-25 8.20857e-25 7.62943e-25 5.10529e-25 7.0388e-25 5.22523e-25 1.01647e-24 8.58286e-25 9.2977e-25 9.59493e-25 8.16413e-25 1.05735e-24 7.2932e-25 7.74601e-25 1.25702e-24 6.78736e-25 9.37394e-25 1.18119e-24 9.6398e-25 7.30536e-25 9.0762e-25 1.07645e-24 9.36652e-25 9.5284e-25 8.08918e-25 7.3531e-25 1.12617e-24 1.18561e-24 9.09719e-25 1.16043e-24 1.01033e-24 9.44915e-25 8.82372e-25 1.01793e-24 7.07018e-25 7.67115e-25 1.10884e-24 1.42646e-24 6.15379e-25 1.0176e-24 7.62912e-25 9.51095e-25 1.12329e-24 8.70212e-25 8.2216e-25 9.92673e-25 1.31042e-24 1.01369e-24 7.72552e-25 1.07787e-24 8.0226e-25 1.17515e-24 1.0455e-24 9.74618e-25 1.06685e-24 9.86659e-25 1.08087e-24 7.13322e-25 9.91062e-25 1.14172e-24 1.18733e-24 9.30387e-25 8.04639e-25 6.4685e-25 6.63423e-25 6.04765e-25 8.99561e-25 6.56131e-25 7.98322e-25 8.6301e-25 9.15202e-25 8.76337e-25 9.44359e-25 6.96003e-25 3.3392e-25 3.48833e-25 1.89863e-25 7.30759e-25 6.05462e-25 6.04857e-25 3.8323e-25 5.59238e-25 
4.65656e-25 5.21348e-25 4.68747e-25 7.05655e-25 5.0563e-25 9.19611e-25 5.11129e-25 6.264e-25 9.76376e-25 7.31562e-25 6.23254e-25 1.0717e-24 8.65253e-25 6.14369e-25 9.11123e-25 7.86005e-25 8.45228e-25 1.17819e-24 6.41179e-25 4.96667e-25 1.02605e-24 9.69489e-25 1.24925e-24 7.15342e-25 1.23125e-24 1.51394e-24 1.42214e-24 8.719e-25 1.03474e-24 1.05733e-24 4.98787e-25 9.79055e-25 7.29105e-25 6.97901e-25 1.09083e-24 7.26821e-25 1.41905e-24 8.50453e-25 7.94037e-25 9.61261e-25 1.03841e-24 1.08837e-24 7.56252e-25 8.85545e-25 1.28192e-24 7.56023e-25 9.65309e-25 7.63368e-25 1.35362e-24 1.04983e-24 1.0277e-24 7.60804e-25 1.01976e-24 8.27687e-25 9.86503e-25 1.10184e-24 9.93807e-25 1.34411e-24 1.05692e-24 1.40291e-24 1.07987e-24 8.52726e-25 8.027e-25 9.04179e-25 1.11828e-24 1.32909e-24 1.12667e-24 8.55013e-25 8.99917e-25 1.33243e-24 8.95508e-25 9.97397e-25 1.15116e-24 1.10634e-24 8.58128e-25 8.16755e-25 6.50534e-25 8.51765e-25 1.16439e-24 8.88463e-25 7.9438e-25 1.05067e-24 5.77973e-25 6.25028e-25 7.51064e-25 8.52792e-25 7.37392e-25 7.42211e-25 9.46179e-25 7.32236e-25 8.76562e-25 9.59052e-25 8.22858e-25 8.93411e-25 9.10247e-25 7.6254e-25 5.96467e-25 6.70127e-25 7.98829e-25 5.49948e-25 
6.0052e-25 9.46827e-25 7.48986e-25 9.03428e-25 8.58723e-25 6.87145e-25 9.67166e-25 8.03391e-25 9.19514e-25 8.56361e-25 8.71995e-25 1.00057e-24 1.10931e-24 7.33502e-25 9.14057e-25 7.60807e-25 9.35477e-25 6.22381e-25 1.12209e-24 1.20284e-24 9.38567e-25 1.10226e-24 1.20511e-24 1.0233e-24 6.68584e-25 8.33876e-25 1.1068e-24 9.27341e-25 7.52431e-25 8.95724e-25 1.23545e-24 9.43502e-25 8.27115e-25 1.28157e-24 9.48432e-25 1.0733e-24 8.48479e-25 1.27047e-24 9.653e-25 5.59009e-25 1.10131e-24 1.10652e-24 8.28617e-25 6.917e-25 1.23713e-24 8.92404e-25 1.33354e-24 8.83198e-25 6.25944e-25 1.05337e-24 1.16045e-24 1.19718e-24 1.36023e-24 6.61137e-25 9.82034e-25 1.20853e-24 9.88036e-25 8.05409e-25 8.34587e-25 9.14265e-25 1.49164e-24 1.0691e-24 1.11156e-24 8.30896e-25 9.40775e-25 1.06061e-24 7.9445e-25 1.02601e-24 1.29609e-24 1.10501e-24 1.21698e-24 9.47205e-25 1.43494e-24 9.74245e-25 1.40169e-24 8.00053e-25 1.09842e-24 7.67469e-25 1.05031e-24 1.25341e-24 8.58818e-25 8.39224e-25 1.10187e-24 1.23896e-24 8.89447e-25 6.68831e-25 5.32658e-25 9.50753e-25 9.58632e-25 1.14347e-24 7.85793e-25 1.26002e-24 4.65165e-25 1.00719e-24 7.54266e-25 5.37039e-25 6.08629e-25 1.02211e-24 6.7173e-25 6.5187e-25 
8.52058e-25 7.72901e-25 6.56604e-25 6.14106e-25 5.9502e-25 6.46872e-25 5.26882e-25 1.02508e-24 8.84034e-25 1.00184e-24 1.05613e-24 5.7668e-25 7.80588e-25 1.14401e-24 9.82838e-25 7.32705e-25 7.96727e-25 9.53025e-25 1.01255e-24 1.03075e-24 1.28055e-24 1.16554e-24 1.19621e-24 7.11659e-25 1.26847e-24 6.53558e-25 8.59893e-25 1.36433e-24 8.66905e-25 9.18116e-25 1.12165e-24 1.38108e-24 1.38754e-24 1.44339e-24 9.99284e-25 8.06062e-25 1.22976e-24 1.86168e-24 9.77994e-25 1.0301e-24 1.27213e-24 1.01201e-24 1.09074e-24 1.07188e-24 1.48554e-24 1.3796e-24 1.11955e-24 9.33511e-25 7.99841e-25 1.32884e-24 9.73165e-25 1.06574e-24 1.12407e-24 1.25716e-24 1.03661e-24 1.43087e-24 8.94759e-25 1.18859e-24 1.37156e-24 9.59604e-25 1.01558e-24 8.97802e-25 6.78601e-25 7.6442e-25 1.14152e-24 1.43511e-24 1.70131e-24 1.21495e-24 1.0376e-24 8.96795e-25 9.4743e-25 9.47366e-25 9.69308e-25 1.00729e-24 8.67461e-25 1.24747e-24 6.98869e-25 6.15527e-25 6.92359e-25 1.58536e-24 8.2021e-25 7.72385e-25 7.91149e-25 1.20051e-24 9.94761e-25 1.28586e-24 1.23079e-24 1.1589e-24 7.75834e-25 1.20172e-24 9.31459e-25 9.46326e-25 8.408e-25 5.64897e-25 7.6312e-25 8.43423e-25 6.46753e-25 7.88956e-25 5.71287e-25 6.43074e-25 
1.04135e-24 7.36235e-25 8.19975e-25 7.31362e-25 8.97089e-25 9.02312e-25 9.95637e-25 6.45571e-25 5.40355e-25 5.31943e-25 1.00562e-24 8.4886e-25 8.82078e-25 1.12508e-24 1.11184e-24 7.76157e-25 9.47649e-25 8.02249e-25 7.87609e-25 1.17682e-24 1.83166e-24 1.12486e-24 1.19907e-24 1.66621e-24 1.18049e-24 8.57786e-25 1.06012e-24 1.27975e-24 1.64542e-24 8.85303e-25 9.4296e-25 1.06112e-24 1.05366e-24 1.53928e-24 9.06382e-25 9.7387e-25 1.12585e-24 8.29179e-25 1.10016e-24 1.27432e-24 1.19712e-24 8.9037e-25 1.24943e-24 1.11642e-24 1.05086e-24 1.39849e-24 1.38831e-24 1.04995e-24 1.03328e-24 1.21716e-24 1.08251e-24 1.44094e-24 6.65219e-25 1.27746e-24 7.90409e-25 8.01872e-25 1.68808e-24 9.64754e-25 1.34157e-24 1.30414e-24 9.77604e-25 1.09734e-24 8.25823e-25 1.4119e-24 8.19555e-25 1.38689e-24 1.87607e-24 1.26883e-24 9.91223e-25 1.63336e-24 9.94921e-25 9.13138e-25 1.45026e-24 9.63039e-25 9.6184e-25 7.93929e-25 8.0115e-25 1.38186e-24 1.15509e-24 9.08047e-25 7.32359e-25 9.65463e-25 8.58562e-25 9.60762e-25 1.00352e-24 8.4963e-25 9.10911e-25 1.17037e-24 9.39181e-25 5.09055e-25 9.26602e-25 1.09407e-24 6.15681e-25 7.52838e-25 7.40787e-25 5.69046e-25 7.49477e-25 4.52849e-25 3.43022e-25 2.52177e-25 
1.06072e-24 6.08477e-25 9.87632e-25 1.02133e-24 4.85776e-25 4.53092e-25 7.86934e-25 5.43258e-25 9.75735e-25 9.17801e-25 6.73385e-25 1.10809e-24 9.9847e-25 8.48063e-25 9.47232e-25 9.07784e-25 1.18392e-24 1.26668e-24 9.3835e-25 6.60281e-25 1.52419e-24 9.59807e-25 1.16907e-24 8.97538e-25 1.54632e-24 1.11464e-24 1.4448e-24 1.04367e-24 1.34721e-24 1.2317e-24 1.24889e-24 1.27988e-24 1.08912e-24 1.33958e-24 1.18447e-24 1.37544e-24 1.16826e-24 1.42428e-24 1.14886e-24 9.86444e-25 1.17137e-24 8.44386e-25 1.37494e-24 1.58305e-24 1.32772e-24 4.61075e-25 1.46073e-24 1.26554e-24 1.27711e-24 1.27109e-24 1.00448e-24 1.18467e-24 1.21402e-24 6.84754e-25 1.44806e-24 1.03082e-24 1.1065e-24 6.61495e-25 1.19645e-24 8.46456e-25 1.35864e-24 1.5147e-24 1.16043e-24 1.24838e-24 1.03356e-24 1.27119e-24 1.39603e-24 1.098e-24 9.7371e-25 1.10256e-24 1.36135e-24 1.0791e-24 1.39088e-24 5.77558e-25 1.11156e-24 1.28983e-24 1.12868e-24 1.09749e-24 9.35179e-25 8.31708e-25 9.44374e-25 1.13451e-24 9.92509e-25 1.16543e-24 7.09075e-25 8.81968e-25 1.16731e-24 1.46458e-24 1.01252e-24 1.02766e-24 6.75454e-25 7.86419e-25 8.75854e-25 7.38512e-25 7.37154e-25 7.54266e-25 7.37325e-25 8.91561e-25 5.96716e-25 8.73345e-25 
8.99155e-25 5.60155e-25 5.45149e-25 7.29273e-25 1.07905e-24 1.27629e-24 8.20279e-25 6.54121e-25 8.25146e-25 1.18304e-24 8.58546e-25 1.02737e-24 1.41138e-24 1.30177e-24 1.65581e-24 8.39041e-25 8.4912e-25 1.01869e-24 9.17968e-25 5.96604e-25 8.25985e-25 1.43288e-24 1.0254e-24 1.32318e-24 1.09173e-24 1.31065e-24 1.23174e-24 9.73961e-25 1.15135e-24 9.96645e-25 1.36399e-24 1.26456e-24 7.76449e-25 1.37725e-24 1.32863e-24 1.26749e-24 1.45051e-24 1.27289e-24 1.04214e-24 1.12272e-24 1.49191e-24 1.35355e-24 1.06576e-24 1.48882e-24 1.52374e-24 1.03029e-24 1.11424e-24 7.68486e-25 1.73342e-24 1.15811e-24 1.32066e-24 9.29685e-25 1.41463e-24 5.85148e-25 1.31067e-24 1.51693e-24 8.83567e-25 1.41711e-24 1.50812e-24 1.73462e-24 1.12758e-24 1.34306e-24 1.1509e-24 1.22156e-24 1.16253e-24 1.12608e-24 1.06516e-24 1.69747e-24 1.08738e-24 1.23058e-24 8.72419e-25 1.04832e-24 1.05813e-24 9.56338e-25 1.19774e-24 1.28873e-24 9.8258e-25 1.1871e-24 1.08863e-24 8.37116e-25 1.30475e-24 1.07027e-24 8.70111e-25 1.08478e-24 9.45481e-25 1.05751e-24 1.42224e-24 9.90856e-25 9.2854e-25 9.85976e-25 5.83077e-25 9.23277e-25 9.68009e-25 7.82981e-25 8.48942e-25 1.03342e-24 1.9036e-25 5.02473e-25 6.64944e-25 5.24136e-25 
7.00396e-25 9.6788e-25 5.09164e-25 5.20179e-25 1.43136e-24 1.11459e-24 9.18747e-25 1.05018e-24 8.89823e-25 8.164e-25 5.95148e-25 1.25069e-24 8.71605e-25 1.04626e-24 7.74231e-25 8.48901e-25 1.13011e-24 1.40997e-24 9.99048e-25 1.04971e-24 1.26914e-24 1.07317e-24 1.10866e-24 1.62321e-24 1.07025e-24 8.41219e-25 1.56039e-24 1.2885e-24 1.14901e-24 1.0328e-24 1.59645e-24 1.53523e-24 1.12332e-24 1.19884e-24 1.18431e-24 1.00765e-24 1.65207e-24 1.67232e-24 1.32546e-24 1.26148e-24 8.83517e-25 1.15362e-24 1.36375e-24 1.50915e-24 1.68703e-24 1.10069e-24 1.21836e-24 1.48825e-24 1.28211e-24 1.19412e-24 1.52991e-24 1.12571e-24 1.55983e-24 1.32924e-24 1.836e-24 1.49607e-24 1.93396e-24 1.12094e-24 1.28198e-24 1.08834e-24 1.45446e-24 1.19175e-24 1.15855e-24 1.26675e-24 1.25245e-24 1.24755e-24 1.39647e-24 9.79381e-25 1.1059e-24 1.90957e-24 1.2932e-24 1.53527e-24 1.0771e-24 1.13355e-24 1.00526e-24 1.00026e-24 7.02259e-25 1.28052e-24 1.26444e-24 8.72712e-25 1.41016e-24 1.0527e-24 7.81944e-25 1.03866e-24 1.50621e-24 1.11535e-24 1.05301e-24 1.16329e-24 1.10701e-24 1.20801e-24 6.83293e-25 1.26116e-24 8.00318e-25 5.29105e-25 9.50505e-25 1.02121e-24 6.33589e-25 1.36383e-24 9.88046e-25 3.86204e-25 
4.30165e-25 7.91166e-25 9.17958e-25 1.18953e-24 1.25511e-24 1.08376e-24 7.42739e-25 7.79882e-25 1.13858e-24 8.74013e-25 1.07766e-24 6.70275e-25 1.14076e-24 1.15064e-24 7.70427e-25 1.10069e-24 1.55386e-24 1.1914e-24 1.32287e-24 1.26394e-24 1.41697e-24 1.50997e-24 1.19471e-24 1.38609e-24 1.49389e-24 1.17992e-24 8.07051e-25 1.29466e-24 1.31808e-24 1.06054e-24 1.11088e-24 1.2985e-24 1.45877e-24 1.01207e-24 1.55682e-24 8.98013e-25 1.0047e-24 1.36974e-24 1.00377e-24 9.44276e-25 1.06873e-24 1.30835e-24 2.03673e-24 1.47798e-24 1.73954e-24 1.36097e-24 1.06945e-24 1.23606e-24 1.33912e-24 1.0741e-24 1.31739e-24 1.80724e-24 9.09155e-25 1.5628e-24 1.67002e-24 1.09441e-24 1.24027e-24 1.55034e-24 1.75307e-24 1.70261e-24 1.47539e-24 1.29303e-24 1.25726e-24 1.2587e-24 1.37842e-24 1.36031e-24 9.70869e-25 1.19639e-24 9.0403e-25 1.35496e-24 1.3897e-24 1.37315e-24 7.1586e-25 1.27471e-24 1.57677e-24 1.29564e-24 1.175e-24 1.34861e-24 9.29776e-25 1.39028e-24 1.25694e-24 1.48379e-24 8.04616e-25 9.77546e-25 7.5064e-25 1.21382e-24 7.0281e-25 1.19337e-24 1.03783e-24 1.76752e-24 9.63831e-25 9.65338e-25 8.39086e-25 7.27119e-25 6.27417e-25 7.83777e-25 8.35124e-25 7.99296e-25 1.01293e-24 5.50919e-25 
7.22216e-25 7.46607e-25 8.48224e-25 8.38432e-25 7.98139e-25 8.13117e-25 9.75796e-25 8.37374e-25 7.48843e-25 1.42023e-24 1.28301e-24 1.17762e-24 8.11932e-25 1.40059e-24 1.28444e-24 1.52813e-24 9.27695e-25 7.86798e-25 8.09896e-25 1.1732e-24 1.17493e-24 9.52535e-25 1.42883e-24 1.16274e-24 7.54301e-25 1.78088e-24 1.03732e-24 1.67995e-24 1.50417e-24 1.35165e-24 1.42764e-24 1.41058e-24 1.37398e-24 1.95189e-24 1.07085e-24 1.17324e-24 1.48554e-24 1.27447e-24 1.28068e-24 1.54219e-24 1.50398e-24 1.27391e-24 1.44086e-24 1.33259e-24 1.36946e-24 1.1994e-24 1.53726e-24 1.87896e-24 1.68298e-24 1.27883e-24 1.5501e-24 1.38273e-24 1.83563e-24 1.60418e-24 1.83409e-24 2.05513e-24 1.97544e-24 1.67173e-24 1.91231e-24 1.38437e-24 1.76514e-24 1.50631e-24 9.88749e-25 1.04964e-24 1.13576e-24 1.13102e-24 1.06818e-24 1.43895e-24 7.32684e-25 1.00768e-24 1.3431e-24 1.38385e-24 1.14715e-24 1.48021e-24 9.9201e-25 1.36903e-24 1.31609e-24 9.65774e-25 1.09805e-24 8.12962e-25 9.88162e-25 1.09145e-24 1.3877e-24 8.47688e-25 1.07762e-24 9.48692e-25 8.43737e-25 1.1974e-24 8.74059e-25 7.49823e-25 8.20457e-25 9.55877e-25 1.1672e-24 1.02026e-24 6.20167e-25 1.06481e-24 1.15161e-24 1.04843e-24 4.84094e-25 3.65067e-25 
4.10261e-25 7.43246e-25 8.17096e-25 6.9084e-25 7.23768e-25 1.3478e-24 1.25325e-24 1.04426e-24 1.24333e-24 6.75522e-25 8.02051e-25 8.26071e-25 1.1906e-24 7.80107e-25 6.48256e-25 1.51793e-24 8.21707e-25 1.13072e-24 1.01836e-24 1.33087e-24 1.1336e-24 1.39233e-24 1.47404e-24 1.80111e-24 1.39877e-24 8.26002e-25 1.41816e-24 1.47776e-24 1.12258e-24 1.64426e-24 1.21413e-24 1.53114e-24 1.87182e-24 1.05486e-24 7.98863e-25 7.14965e-25 1.0044e-24 1.22866e-24 1.55077e-24 1.2438e-24 1.19866e-24 1.19935e-24 1.46918e-24 1.40241e-24 1.47283e-24 1.5846e-24 1.45927e-24 1.36309e-24 1.6614e-24 1.38381e-24 1.19459e-24 1.4287e-24 1.59927e-24 1.27207e-24 1.00917e-24 1.15018e-24 9.01276e-25 1.28879e-24 1.44962e-24 1.45963e-24 1.95414e-24 1.33393e-24 8.40821e-25 1.70916e-24 1.46247e-24 1.73145e-24 1.50435e-24 1.54679e-24 9.84875e-25 1.51778e-24 1.42948e-24 1.44615e-24 1.26923e-24 1.4213e-24 1.10843e-24 1.38077e-24 1.30172e-24 1.51586e-24 1.06844e-24 1.31615e-24 1.39147e-24 1.42782e-24 8.74329e-25 1.08081e-24 1.0918e-24 9.23848e-25 1.41254e-24 9.74685e-25 8.42668e-25 1.02774e-24 1.12047e-24 8.24955e-25 1.01402e-24 8.05507e-25 8.43205e-25 6.99223e-25 1.07126e-24 7.3808e-25 6.6727e-25 1.1983e-24 
3.1937e-25 1.09912e-24 1.06924e-24 8.44762e-25 7.95306e-25 1.09266e-24 6.22069e-25 1.42911e-24 1.09382e-24 8.64645e-25 7.76236e-25 1.04061e-24 1.18828e-24 1.0472e-24 1.29487e-24 1.04128e-24 1.42669e-24 1.17902e-24 1.06336e-24 1.13171e-24 1.15348e-24 8.89204e-25 1.49886e-24 9.70732e-25 1.10302e-24 1.24554e-24 1.38055e-24 1.41921e-24 1.43833e-24 1.43596e-24 1.197e-24 1.19221e-24 1.02804e-24 1.29154e-24 1.79975e-24 1.0245e-24 1.218e-24 1.05568e-24 1.91664e-24 2.0395e-24 1.56216e-24 1.5107e-24 1.35046e-24 2.15303e-24 1.01398e-24 1.39859e-24 1.14545e-24 1.14956e-24 1.43156e-24 1.15056e-24 1.68676e-24 1.14404e-24 1.70645e-24 1.68423e-24 1.79677e-24 1.21875e-24 1.81308e-24 1.23759e-24 1.02183e-24 1.8157e-24 1.64355e-24 1.86636e-24 1.50328e-24 9.12025e-25 1.82095e-24 1.00188e-24 1.27899e-24 1.7947e-24 1.28425e-24 1.44183e-24 1.18258e-24 9.51007e-25 1.11343e-24 1.30002e-24 1.42488e-24 1.80808e-24 1.54583e-24 1.20721e-24 1.38828e-24 1.28847e-24 7.85598e-25 1.38498e-24 8.57361e-25 1.38958e-24 1.13522e-24 1.14487e-24 1.33924e-24 9.46936e-25 9.75182e-25 9.3063e-25 7.05664e-25 1.41482e-24 6.71356e-25 6.7989e-25 1.23882e-24 9.84985e-25 1.08889e-24 8.58513e-25 7.17281e-25 7.12394e-25 
6.11558e-25 5.27899e-25 9.59225e-25 1.28688e-24 9.62872e-25 6.81656e-25 1.3778e-24 1.12509e-24 1.05138e-24 1.46646e-24 1.19608e-24 9.55339e-25 1.33591e-24 1.38757e-24 1.2565e-24 1.11152e-24 9.64454e-25 1.55536e-24 1.36332e-24 1.32278e-24 8.47351e-25 8.83236e-25 1.22012e-24 1.51657e-24 1.32706e-24 9.57282e-25 1.08922e-24 7.4146e-25 1.25685e-24 1.09787e-24 1.35105e-24 1.81906e-24 1.20392e-24 1.63838e-24 1.51684e-24 1.62871e-24 1.60619e-24 1.41811e-24 1.3877e-24 1.31027e-24 1.70334e-24 1.61985e-24 1.39157e-24 9.78663e-25 1.63268e-24 1.08946e-24 1.46282e-24 1.67331e-24 1.37232e-24 1.07141e-24 1.43845e-24 1.70449e-24 1.62826e-24 1.23734e-24 1.67268e-24 1.61102e-24 1.80988e-24 1.69985e-24 1.34063e-24 1.56728e-24 1.42825e-24 9.63192e-25 1.04739e-24 1.39463e-24 1.27551e-24 1.80466e-24 1.60979e-24 1.95082e-24 1.78197e-24 1.34437e-24 1.84092e-24 1.39491e-24 1.61367e-24 1.6894e-24 1.48136e-24 1.05541e-24 1.25327e-24 1.22007e-24 1.18859e-24 1.32185e-24 1.28801e-24 1.07548e-24 1.16834e-24 1.00758e-24 1.18723e-24 1.40511e-24 1.15144e-24 6.0244e-25 1.09406e-24 8.16573e-25 1.0032e-24 9.01046e-25 1.10702e-24 9.86336e-25 7.81959e-25 6.20002e-25 9.57403e-25 6.98469e-25 6.12081e-25 7.32555e-25 
5.60122e-25 5.51796e-25 8.26185e-25 6.43376e-25 9.27899e-25 9.43026e-25 8.64347e-25 9.98488e-25 1.00031e-24 1.03091e-24 1.07778e-24 7.17944e-25 9.6487e-25 1.21454e-24 1.63782e-24 1.25025e-24 1.54936e-24 1.28643e-24 1.44701e-24 1.16417e-24 1.38693e-24 1.60116e-24 1.01141e-24 1.36196e-24 1.45981e-24 1.18698e-24 1.57026e-24 1.368e-24 1.18171e-24 2.21938e-24 2.18382e-24 1.16709e-24 1.83542e-24 1.45551e-24 1.65176e-24 1.15388e-24 1.71256e-24 1.24101e-24 1.42532e-24 1.14483e-24 1.7577e-24 1.2777e-24 1.34679e-24 1.44386e-24 1.48704e-24 1.7657e-24 1.34763e-24 1.30113e-24 1.68546e-24 1.91458e-24 1.18109e-24 1.17114e-24 1.32804e-24 1.32841e-24 1.80476e-24 1.43004e-24 1.20187e-24 1.3573e-24 9.68181e-25 2.09889e-24 1.40971e-24 1.43693e-24 1.22618e-24 1.40937e-24 1.03703e-24 1.26141e-24 1.8997e-24 1.2696e-24 1.31389e-24 8.74704e-25 1.13236e-24 1.20103e-24 6.09708e-25 9.87459e-25 1.75448e-24 1.06096e-24 1.26921e-24 1.23682e-24 1.39478e-24 9.91773e-25 1.40359e-24 1.1694e-24 1.24061e-24 1.60716e-24 1.2009e-24 1.11093e-24 9.46839e-25 1.09956e-24 9.06919e-25 8.4335e-25 1.16715e-24 8.27856e-25 9.05756e-25 1.10016e-24 1.10582e-24 1.16375e-24 1.00413e-24 7.7294e-25 7.60601e-25 8.14637e-25 
9.34543e-25 1.15908e-24 1.10811e-24 1.42602e-24 8.85581e-25 9.09018e-25 8.02573e-25 1.30552e-24 7.95069e-25 1.03572e-24 1.35732e-24 1.32566e-24 1.49698e-24 9.47754e-25 1.07248e-24 1.20802e-24 1.4056e-24 8.4705e-25 1.23583e-24 8.29796e-25 1.09959e-24 1.49817e-24 1.26407e-24 7.98824e-25 1.52944e-24 1.32844e-24 1.31448e-24 1.48475e-24 1.43422e-24 1.29791e-24 1.30758e-24 1.38357e-24 1.27378e-24 1.15053e-24 1.34279e-24 1.35715e-24 1.16459e-24 1.53091e-24 9.83965e-25 1.69346e-24 1.1489e-24 1.48285e-24 1.57768e-24 1.60524e-24 1.40738e-24 2.08808e-24 1.2531e-24 1.5872e-24 1.29997e-24 1.38606e-24 2.03496e-24 1.2376e-24 1.13907e-24 1.65066e-24 1.75091e-24 1.37977e-24 2.19384e-24 1.67898e-24 1.70159e-24 1.49801e-24 1.23117e-24 1.45107e-24 1.49652e-24 1.65138e-24 1.4937e-24 1.51604e-24 1.5968e-24 1.86389e-24 1.03027e-24 8.19862e-25 1.35847e-24 1.42903e-24 1.60557e-24 1.33836e-24 1.14952e-24 1.48694e-24 1.08001e-24 1.27781e-24 9.20165e-25 1.1939e-24 1.54587e-24 1.86687e-24 1.30309e-24 1.15326e-24 1.71376e-24 9.30067e-25 1.27901e-24 1.19756e-24 1.06305e-24 1.10762e-24 1.20669e-24 1.10191e-24 7.4427e-25 7.23887e-25 8.4872e-25 1.06313e-24 1.35024e-24 8.93354e-25 9.90358e-25 3.85545e-25 
5.13517e-25 7.27098e-25 5.16692e-25 5.66579e-25 8.16371e-25 7.15041e-25 1.26509e-24 9.54874e-25 9.55424e-25 1.18215e-24 8.87349e-25 9.15021e-25 1.34224e-24 9.59102e-25 1.54497e-24 1.70531e-24 1.63209e-24 1.90498e-24 1.15125e-24 1.21918e-24 9.79522e-25 1.41539e-24 1.72777e-24 1.30549e-24 1.06514e-24 8.10892e-25 1.30501e-24 1.6592e-24 5.55664e-25 1.58417e-24 1.49449e-24 1.41045e-24 1.40877e-24 1.39685e-24 1.30715e-24 1.71216e-24 1.40027e-24 1.49102e-24 1.26496e-24 1.4083e-24 1.17666e-24 1.22402e-24 1.39463e-24 1.95107e-24 1.25477e-24 1.56448e-24 1.11156e-24 1.4972e-24 1.27874e-24 1.49587e-24 1.49293e-24 1.93562e-24 1.51543e-24 1.41022e-24 1.51215e-24 1.65896e-24 1.435e-24 1.23855e-24 1.35371e-24 1.78105e-24 1.53336e-24 1.29425e-24 2.02186e-24 1.43391e-24 1.48992e-24 1.67713e-24 1.63912e-24 1.39699e-24 1.38991e-24 1.67777e-24 1.88518e-24 1.28193e-24 1.70402e-24 1.30775e-24 1.30599e-24 1.57619e-24 1.8567e-24 1.6885e-24 1.41023e-24 1.75359e-24 1.34648e-24 1.18941e-24 9.21588e-25 1.44251e-24 1.03165e-24 1.14599e-24 1.31645e-24 9.42827e-25 1.34642e-24 1.33933e-24 1.70971e-24 1.27956e-24 1.14968e-24 7.04758e-25 1.08244e-24 6.72776e-25 8.41104e-25 9.68973e-25 5.77722e-25 7.64086e-25 
7.07043e-25 4.62627e-25 7.70259e-25 1.02909e-24 8.13941e-25 1.01862e-24 1.05161e-24 9.09745e-25 8.44666e-25 1.45655e-24 1.23101e-24 9.63427e-25 1.25411e-24 1.13864e-24 1.65561e-24 1.11514e-24 1.24081e-24 1.18792e-24 1.15855e-24 1.2393e-24 1.51199e-24 1.59637e-24 1.43917e-24 1.05099e-24 1.43962e-24 9.86188e-25 1.00804e-24 1.55806e-24 1.31158e-24 1.64542e-24 1.28941e-24 1.65927e-24 1.24518e-24 1.84082e-24 1.39143e-24 1.80717e-24 1.54619e-24 1.48618e-24 1.08762e-24 1.55582e-24 1.67959e-24 1.82885e-24 1.61415e-24 1.53505e-24 1.19975e-24 1.78041e-24 1.86161e-24 1.30939e-24 1.66228e-24 1.86809e-24 1.40343e-24 1.29164e-24 1.87331e-24 1.49502e-24 1.93329e-24 2.03524e-24 1.52093e-24 1.65212e-24 1.14629e-24 1.50966e-24 1.29547e-24 1.82032e-24 1.57269e-24 1.14474e-24 1.72197e-24 1.00978e-24 2.10893e-24 1.59793e-24 2.02628e-24 1.43922e-24 1.40167e-24 1.24315e-24 1.48631e-24 1.08635e-24 1.62492e-24 1.31251e-24 1.79773e-24 8.71701e-25 1.48067e-24 1.02022e-24 1.65012e-24 1.33193e-24 1.05958e-24 1.48103e-24 9.33785e-25 1.3983e-24 1.1957e-24 1.12168e-24 8.72177e-25 7.20853e-25 1.09956e-24 1.1857e-24 8.225e-25 1.10388e-24 8.27085e-25 9.14298e-25 7.80359e-25 9.83541e-25 1.38831e-24 5.23133e-25 
4.69765e-25 1.20672e-24 6.62934e-25 1.00238e-24 5.89225e-25 7.19803e-25 8.9384e-25 1.28289e-24 9.96451e-25 9.39125e-25 1.04139e-24 9.59559e-25 6.99282e-25 7.99049e-25 1.18081e-24 1.0365e-24 1.18328e-24 1.05418e-24 1.54895e-24 1.25846e-24 1.28853e-24 1.43156e-24 1.20729e-24 1.71528e-24 1.64826e-24 7.76868e-25 1.24787e-24 1.2981e-24 1.41431e-24 1.57212e-24 1.6553e-24 1.75619e-24 1.68882e-24 1.70184e-24 1.61452e-24 1.79688e-24 1.66312e-24 1.44008e-24 1.2768e-24 1.68877e-24 1.09414e-24 1.05571e-24 1.63201e-24 1.56227e-24 2.28649e-24 1.40367e-24 1.28164e-24 1.25708e-24 1.46235e-24 1.34605e-24 2.0132e-24 1.51237e-24 1.52965e-24 1.32731e-24 2.03289e-24 1.39501e-24 1.46595e-24 1.71591e-24 1.17577e-24 1.35086e-24 1.1019e-24 1.58329e-24 1.63795e-24 1.19157e-24 1.64617e-24 9.62102e-25 1.66657e-24 1.65354e-24 1.42283e-24 1.78718e-24 1.37394e-24 1.37343e-24 1.18941e-24 2.21348e-24 1.04374e-24 1.64436e-24 8.70467e-25 1.13528e-24 1.39734e-24 9.52109e-25 1.38972e-24 8.94794e-25 1.16656e-24 1.08142e-24 1.33585e-24 1.15376e-24 9.36914e-25 1.92057e-24 9.24478e-25 9.54716e-25 1.19077e-24 9.58942e-25 7.14169e-25 1.17151e-24 8.25508e-25 8.57763e-25 8.61029e-25 8.65822e-25 7.62836e-25 8.50719e-25 
6.65109e-25 1.04171e-24 9.537e-25 5.64896e-25 8.64231e-25 7.50689e-25 1.00501e-24 1.05868e-24 9.91009e-25 7.62049e-25 7.59837e-25 8.22455e-25 1.16704e-24 7.70852e-25 1.41763e-24 1.03085e-24 1.12558e-24 1.40692e-24 9.48365e-25 1.44818e-24 1.43219e-24 1.14794e-24 1.14841e-24 1.7121e-24 1.51945e-24 1.28682e-24 1.65443e-24 1.12477e-24 1.1559e-24 1.86541e-24 1.57617e-24 1.15022e-24 1.36016e-24 1.68379e-24 1.30318e-24 1.18069e-24 1.41178e-24 1.07758e-24 1.65884e-24 1.38938e-24 1.38379e-24 1.82077e-24 1.60012e-24 1.77727e-24 1.3539e-24 1.98889e-24 1.61975e-24 1.47346e-24 1.10641e-24 1.74102e-24 1.76815e-24 1.18215e-24 1.46431e-24 1.49664e-24 1.4915e-24 1.02803e-24 1.64845e-24 1.77842e-24 9.52408e-25 1.42709e-24 1.51073e-24 1.44961e-24 1.89892e-24 1.78672e-24 1.3128e-24 1.36932e-24 2.03665e-24 1.33407e-24 1.32209e-24 1.33486e-24 1.66734e-24 1.44591e-24 1.34109e-24 1.02727e-24 1.34489e-24 8.58872e-25 1.5603e-24 1.61043e-24 1.4046e-24 1.40079e-24 1.44777e-24 1.17521e-24 1.41418e-24 7.93108e-25 1.18413e-24 1.21639e-24 1.23212e-24 1.2692e-24 1.52953e-24 1.50544e-24 1.25069e-24 1.11978e-24 9.33189e-25 7.46816e-25 1.15127e-24 7.64307e-25 9.78563e-25 8.67661e-25 8.13708e-25 8.12545e-25 
8.75965e-25 7.06092e-25 6.94305e-25 8.13103e-25 1.26251e-24 9.22935e-25 8.1302e-25 7.98196e-25 9.33262e-25 9.24587e-25 1.1071e-24 8.96132e-25 1.20448e-24 1.16538e-24 1.09756e-24 1.53451e-24 1.01676e-24 1.72889e-24 8.67249e-25 6.8862e-25 9.47239e-25 1.23085e-24 1.1819e-24 1.06022e-24 1.30633e-24 1.39089e-24 1.43742e-24 1.01437e-24 9.86671e-25 1.08122e-24 9.93109e-25 1.42205e-24 1.2824e-24 1.24721e-24 1.36123e-24 1.42083e-24 1.53463e-24 1.346e-24 1.97455e-24 1.55045e-24 1.21126e-24 1.05919e-24 1.14978e-24 1.1719e-24 1.55765e-24 1.3794e-24 1.72381e-24 1.45063e-24 9.61627e-25 1.74561e-24 1.74155e-24 1.29306e-24 1.52111e-24 1.64998e-24 1.8792e-24 1.45888e-24 1.08596e-24 1.61205e-24 1.52438e-24 1.12378e-24 1.32315e-24 1.19798e-24 1.22254e-24 1.02944e-24 1.10961e-24 1.40637e-24 1.62136e-24 1.17751e-24 1.6264e-24 9.65206e-25 1.49223e-24 1.38135e-24 1.74789e-24 1.30822e-24 9.37366e-25 9.93712e-25 1.14161e-24 1.03201e-24 1.00697e-24 1.20845e-24 1.35342e-24 1.15015e-24 9.32028e-25 1.58756e-24 1.38486e-24 1.33545e-24 1.22563e-24 1.31556e-24 1.11092e-24 8.12988e-25 1.02762e-24 1.10747e-24 7.81825e-25 9.17811e-25 8.24877e-25 4.80949e-25 7.80551e-25 3.01733e-25 6.59006e-25 3.45039e-25 
8.29108e-25 9.4977e-25 9.92319e-25 8.45332e-25 7.7982e-25 8.45003e-25 1.3458e-24 9.26402e-25 4.99596e-25 1.05748e-24 1.13816e-24 9.40414e-25 9.18392e-25 1.0761e-24 1.09001e-24 1.01898e-24 9.32088e-25 1.20346e-24 1.18626e-24 1.24086e-24 5.70571e-25 8.65379e-25 1.27881e-24 1.32506e-24 1.1234e-24 1.34455e-24 1.94698e-24 1.07907e-24 1.30332e-24 1.35959e-24 1.06631e-24 1.83203e-24 1.46813e-24 1.28664e-24 1.56344e-24 1.53959e-24 1.54883e-24 1.32141e-24 1.43455e-24 1.32902e-24 1.66836e-24 1.42098e-24 1.53222e-24 1.9134e-24 1.60952e-24 1.56755e-24 1.90572e-24 1.72378e-24 1.24558e-24 1.3576e-24 1.26385e-24 1.20287e-24 1.09125e-24 1.17058e-24 1.42008e-24 1.08269e-24 1.1639e-24 1.30028e-24 1.28931e-24 1.35964e-24 1.60619e-24 1.33879e-24 1.6037e-24 1.28805e-24 1.63212e-24 1.11623e-24 1.3933e-24 2.16525e-24 1.41781e-24 1.20218e-24 1.03119e-24 9.11558e-25 1.29416e-24 1.11541e-24 1.09233e-24 1.11154e-24 1.41926e-24 2.03465e-24 1.49358e-24 9.15107e-25 1.41207e-24 1.0789e-24 1.04803e-24 9.85947e-25 9.3996e-25 7.15194e-25 7.21418e-25 8.90417e-25 1.24482e-24 6.63053e-25 7.78264e-25 8.28315e-25 8.74145e-25 1.16891e-24 7.24929e-25 1.0791e-24 5.77991e-25 7.17014e-25 5.85232e-25 7.81704e-25 
3.27392e-25 4.67434e-25 1.07631e-24 9.50405e-25 5.86571e-25 1.06242e-24 1.01421e-24 8.40738e-25 1.23149e-24 8.00019e-25 9.337e-25 1.08262e-24 9.89372e-25 1.01219e-24 8.39553e-25 1.22079e-24 9.64757e-25 1.33472e-24 1.14103e-24 1.11889e-24 1.09319e-24 1.31214e-24 1.40237e-24 9.40417e-25 9.76634e-25 1.2123e-24 1.33908e-24 1.08106e-24 8.81217e-25 1.1281e-24 1.47816e-24 1.24307e-24 1.80423e-24 1.07503e-24 8.34345e-25 1.63658e-24 1.26448e-24 8.56591e-25 9.44425e-25 1.09856e-24 1.43978e-24 8.1716e-25 1.57878e-24 1.50916e-24 1.56797e-24 1.27313e-24 1.07602e-24 1.63029e-24 1.09331e-24 1.45494e-24 1.86005e-24 1.28699e-24 1.11511e-24 1.1108e-24 1.42984e-24 1.23853e-24 1.38496e-24 1.86956e-24 1.59603e-24 1.21804e-24 1.2856e-24 1.36811e-24 8.21576e-25 1.58755e-24 1.36367e-24 1.27245e-24 1.32788e-24 1.5227e-24 1.20182e-24 1.33048e-24 1.32976e-24 1.40259e-24 1.30075e-24 1.03519e-24 1.12333e-24 1.32014e-24 8.01288e-25 1.13876e-24 9.72245e-25 1.0318e-24 1.20177e-24 9.89978e-25 9.78535e-25 9.50606e-25 1.15627e-24 1.03873e-24 1.15625e-24 6.00621e-25 1.1208e-24 8.07187e-25 1.02402e-24 1.11433e-24 9.22643e-25 7.43975e-25 8.71727e-25 5.35924e-25 6.59058e-25 4.45136e-25 7.26232e-25 5.77977e-25 
9.20722e-25 6.34696e-25 6.20684e-25 3.71836e-25 6.30657e-25 1.07054e-24 5.7772e-25 8.38138e-25 7.9398e-25 5.4854e-25 9.74809e-25 9.41815e-25 1.17349e-24 7.20875e-25 1.08326e-24 8.16435e-25 1.08038e-24 8.79662e-25 1.51558e-24 7.53113e-25 1.09343e-24 9.35853e-25 1.1389e-24 7.40189e-25 9.4784e-25 7.06806e-25 1.11035e-24 1.11928e-24 1.26827e-24 4.48457e-25 1.05626e-24 1.39272e-24 1.34919e-24 1.20923e-24 1.01681e-24 3.5848e-25 1.5564e-24 9.3431e-25 1.47997e-24 1.07345e-24 1.37365e-24 1.45249e-24 5.44881e-25 1.12793e-24 1.32306e-24 1.10831e-24 1.6425e-24 1.08055e-24 1.24805e-24 1.20119e-24 1.72788e-24 1.00665e-24 1.10593e-24 1.06136e-24 1.14215e-24 1.1824e-24 1.23454e-24 9.2293e-25 1.18143e-24 1.07587e-24 9.56627e-25 1.1466e-24 1.23378e-24 9.53363e-25 1.13793e-24 1.24818e-24 9.70155e-25 1.9509e-24 1.58097e-24 7.36472e-25 1.69318e-24 9.02285e-25 9.80446e-25 1.13242e-24 8.4455e-25 1.11993e-24 1.4047e-24 1.03751e-24 1.00537e-24 8.82714e-25 8.23348e-25 9.72447e-25 1.27128e-24 1.18722e-24 1.1355e-24 1.05566e-24 1.16417e-24 8.04157e-25 5.87711e-25 7.02408e-25 7.66009e-25 6.45766e-25 7.95903e-25 8.47393e-25 3.85244e-25 6.22868e-25 8.3974e-25 6.29712e-25 8.58364e-25 5.4661e-25 
3.55357e-25 4.13961e-25 5.86127e-25 5.37761e-25 8.97564e-25 6.34914e-25 7.8047e-25 9.84048e-25 1.04133e-24 8.21851e-25 8.12317e-25 6.86454e-25 1.28812e-24 8.23551e-25 6.50689e-25 5.16831e-25 1.06906e-24 1.1707e-24 1.10152e-24 1.0232e-24 1.00574e-24 1.04554e-24 1.30719e-24 1.43487e-24 1.21526e-24 7.32064e-25 1.08717e-24 8.19628e-25 5.72806e-25 8.30944e-25 1.21642e-24 1.37061e-24 9.77518e-25 1.25277e-24 1.16783e-24 1.43813e-24 8.54453e-25 9.61601e-25 1.21496e-24 1.17295e-24 1.43991e-24 1.16894e-24 1.52404e-24 1.31497e-24 1.38965e-24 7.76978e-25 1.44439e-24 1.6721e-24 1.12248e-24 1.49603e-24 1.03729e-24 1.4905e-24 1.27154e-24 1.05771e-24 1.29652e-24 8.52198e-25 1.37707e-24 1.24079e-24 1.06248e-24 1.07746e-24 1.43954e-24 1.11708e-24 1.14111e-24 1.10431e-24 1.21944e-24 1.00274e-24 1.19486e-24 1.16274e-24 1.11976e-24 8.76039e-25 9.8329e-25 6.6941e-25 9.49482e-25 8.72991e-25 1.05169e-24 1.18949e-24 8.82049e-25 8.40674e-25 9.0927e-25 6.96047e-25 9.92331e-25 7.64748e-25 1.07382e-24 1.21872e-24 8.68617e-25 9.33332e-25 9.13021e-25 7.52817e-25 1.06923e-24 8.2367e-25 7.82698e-25 8.81138e-25 9.23301e-25 4.9017e-25 8.94451e-25 6.82799e-25 4.62679e-25 3.16967e-25 2.79715e-25 3.63755e-25 
2.63692e-25 7.2491e-25 6.27752e-25 5.62223e-25 7.93587e-25 7.96033e-25 6.44163e-25 7.60707e-25 8.18395e-25 6.3573e-25 9.63159e-25 5.51624e-25 5.16061e-25 1.0774e-24 6.21262e-25 6.97954e-25 5.17724e-25 6.46359e-25 5.86331e-25 1.06381e-24 6.69536e-25 8.08198e-25 9.51587e-25 6.67343e-25 5.88872e-25 5.88758e-25 6.89419e-25 1.32931e-24 7.07844e-25 1.07778e-24 9.77704e-25 1.24136e-24 4.17716e-25 9.18207e-25 9.28289e-25 1.1605e-24 1.07187e-24 5.40843e-25 8.06204e-25 1.02927e-24 1.28033e-24 1.22691e-24 9.03888e-25 9.47342e-25 7.14797e-25 1.25479e-24 1.24575e-24 1.09222e-24 1.12022e-24 1.21644e-24 1.11178e-24 9.80631e-25 9.74447e-25 8.83535e-25 1.18647e-24 1.15904e-24 1.1488e-24 1.36354e-24 1.60788e-24 9.85392e-25 1.25103e-24 7.67292e-25 7.81703e-25 7.96891e-25 6.96877e-25 7.91954e-25 9.86033e-25 1.07974e-24 8.37317e-25 1.34489e-24 9.26128e-25 8.51707e-25 1.08497e-24 9.60976e-25 5.47845e-25 5.89544e-25 8.76852e-25 6.50671e-25 6.17877e-25 1.31658e-24 7.07795e-25 5.77908e-25 1.19435e-24 1.09987e-24 5.23839e-25 7.36385e-25 7.54194e-25 7.46007e-25 4.12229e-25 7.63017e-25 1.08218e-24 8.11436e-25 8.42506e-25 8.82936e-25 4.28061e-25 8.98148e-25 4.99701e-25 3.77313e-25 4.13626e-25 3.75758e-25 
3.03868e-25 2.57493e-25 1.67171e-25 3.57992e-25 8.33667e-25 4.27763e-25 3.15778e-25 3.74077e-25 7.01322e-25 5.12236e-25 4.87877e-25 5.504e-25 7.70216e-25 1.00636e-24 5.16584e-25 7.18379e-25 7.37137e-25 9.37115e-25 5.8402e-25 6.62322e-25 5.55741e-25 4.20117e-25 8.9778e-25 9.20931e-25 7.20746e-25 6.24479e-25 8.67223e-25 5.66886e-25 6.20739e-25 9.07947e-25 8.43537e-25 7.51265e-25 5.67025e-25 9.3734e-25 1.03305e-24 5.58644e-25 5.42648e-25 1.20905e-24 7.49927e-25 1.0353e-24 1.05953e-24 1.10209e-24 6.61294e-25 8.22642e-25 6.71324e-25 1.05393e-24 1.17857e-24 1.14171e-24 1.38613e-24 1.02287e-24 8.739e-25 1.03477e-24 1.55942e-24 8.00977e-25 8.12095e-25 1.11795e-24 7.84913e-25 8.65473e-25 8.17012e-25 7.6686e-25 8.52265e-25 5.48777e-25 1.14074e-24 1.03728e-24 9.40121e-25 6.62813e-25 9.40432e-25 1.21077e-24 4.17746e-25 6.47865e-25 1.0943e-24 5.03722e-25 8.16659e-25 5.01947e-25 5.84923e-25 6.27821e-25 8.17774e-25 6.65131e-25 8.99603e-25 8.71414e-25 3.74037e-25 7.75693e-25 5.52635e-25 6.56775e-25 5.07019e-25 6.86174e-25 8.67892e-25 8.5596e-25 6.88417e-25 3.48464e-25 3.19247e-25 4.42237e-25 5.55933e-25 4.65385e-25 5.4155e-25 4.48169e-25 2.75613e-25 5.60255e-25 2.34706e-25 1.71045e-25 
3.51404e-25 1.39093e-25 1.39947e-25 3.9885e-25 3.72947e-25 5.68772e-25 7.40852e-25 4.33972e-25 9.66778e-25 4.03792e-25 1.2915e-25 3.88754e-25 4.75014e-25 5.03225e-25 4.31506e-25 5.96028e-25 2.74565e-25 4.40615e-25 4.17998e-25 6.30369e-25 1.11132e-24 1.41171e-25 7.59941e-25 9.59474e-25 7.66869e-25 5.32523e-25 7.81821e-25 1.23078e-24 5.35454e-25 6.74222e-25 8.62119e-25 7.67862e-25 8.37619e-25 5.93138e-25 6.96784e-25 6.04805e-25 6.74652e-25 5.19601e-25 6.31548e-25 8.9525e-25 6.11615e-25 8.76338e-25 6.90736e-25 6.35571e-25 7.70576e-25 4.32599e-25 4.82212e-25 7.99307e-25 5.29472e-25 7.42181e-25 1.04937e-24 1.11007e-24 9.25606e-25 5.27299e-25 6.01657e-25 8.61707e-25 9.29028e-25 3.83307e-25 5.61521e-25 8.12832e-25 6.71112e-25 1.0444e-24 3.28592e-25 7.3886e-25 6.81034e-25 5.40959e-25 6.37788e-25 5.00881e-25 9.53638e-25 7.89364e-25 7.05235e-25 5.66266e-25 3.92065e-25 6.98148e-25 6.42579e-25 4.31573e-25 5.13828e-25 8.40842e-25 6.87904e-25 4.16165e-25 1.06131e-24 6.2425e-25 4.90318e-25 4.21839e-25 8.26597e-25 4.81635e-25 3.93894e-25 5.98914e-25 5.01444e-25 6.40382e-25 4.54704e-25 4.36889e-25 2.70855e-25 4.39335e-25 4.501e-25 4.566e-25 4.31057e-25 4.5702e-25 3.92256e-25 2.47102e-25 
7.71084e-26 3.75129e-25 3.66035e-25 3.02263e-25 3.61837e-25 4.06069e-25 3.3018e-25 2.01309e-25 3.51e-25 4.0515e-25 1.26562e-25 2.73263e-25 4.33246e-25 4.32614e-25 1.46205e-25 5.17065e-25 3.67115e-25 5.73432e-25 7.18755e-25 3.33764e-25 2.90388e-25 1.97052e-25 2.28323e-25 7.09837e-25 4.96364e-25 7.43435e-25 7.54732e-25 3.01394e-25 4.61783e-25 4.84602e-25 3.87712e-25 6.19787e-25 1.85138e-25 1.05184e-24 1.0278e-24 7.44722e-25 5.72288e-25 5.86646e-25 4.94927e-25 6.57143e-25 6.37158e-25 6.18255e-25 6.47816e-25 4.39193e-25 7.67158e-25 5.76415e-25 4.56137e-25 5.17921e-25 2.84187e-25 5.65671e-25 5.18242e-25 5.24306e-25 3.92359e-25 5.99338e-25 3.25651e-25 6.94637e-25 4.44801e-25 5.71504e-25 8.15302e-25 5.63334e-25 4.16666e-25 5.37694e-25 1.69684e-25 7.373e-25 4.20574e-25 7.59059e-25 3.46563e-25 6.82266e-25 6.35163e-25 7.19685e-25 7.48519e-25 5.94735e-25 3.67511e-25 5.72644e-25 4.09912e-25 6.57014e-25 6.38129e-25 2.57823e-25 2.94509e-25 3.53895e-25 4.15477e-25 5.07191e-25 4.96997e-25 5.85107e-25 3.14621e-25 5.4013e-25 4.84716e-25 1.95636e-25 3.66108e-25 1.51566e-25 3.49884e-25 6.35209e-25 5.21501e-25 5.87003e-25 1.71026e-25 3.95601e-25 2.39998e-25 2.53882e-25 3.81675e-25 1.72995e-25 
1.62228e-25 1.67341e-25 1.31077e-25 3.4639e-25 2.85957e-25 1.10556e-25 2.02042e-25 3.43205e-25 1.67698e-25 4.60941e-25 3.91364e-25 2.21964e-25 1.89264e-25 2.28003e-25 1.74062e-25 3.16583e-25 2.56453e-25 3.49709e-25 2.16714e-25 2.95361e-25 1.56785e-25 3.93944e-25 3.55905e-25 3.16977e-25 4.55504e-25 3.13689e-25 4.45354e-25 3.10663e-25 3.40516e-25 3.08598e-25 2.81928e-25 1.97496e-25 5.82376e-25 4.61712e-25 6.30923e-25 3.25831e-25 2.86453e-25 3.41003e-25 7.78946e-25 6.8258e-25 2.88116e-25 3.21512e-25 3.4202e-25 1.98066e-25 4.751e-25 5.15392e-25 5.01283e-25 5.26882e-25 3.20373e-25 5.24154e-25 3.87093e-25 4.70311e-25 8.19506e-25 5.82621e-25 3.51224e-25 1.67715e-25 5.04203e-25 3.5771e-25 4.83502e-25 4.24334e-25 5.38084e-25 5.5179e-25 1.88728e-25 2.22684e-25 3.34873e-25 4.06098e-25 2.58772e-25 2.14775e-25 4.35942e-25 7.2725e-25 3.58733e-25 1.92913e-25 1.64839e-25 4.76292e-25 2.92505e-25 1.70188e-25 4.827e-25 5.4382e-25 1.05575e-25 4.13711e-25 2.25036e-25 3.28292e-25 2.09483e-25 4.09177e-25 2.13217e-25 2.95104e-25 2.20225e-25 1.71986e-25 3.26641e-25 6.00005e-26 1.75261e-25 2.30915e-25 2.43477e-25 3.47747e-25 2.71019e-25 9.33297e-26 2.16233e-25 4.04537e-26 4.83381e-27 1.1529e-25 
1.02819e-25 1.41485e-25 2.98553e-25 3.36774e-26 7.07807e-26 1.78151e-25 1.37715e-25 2.44309e-25 1.53407e-25 3.03021e-25 1.53474e-25 1.11066e-25 1.70211e-25 9.15787e-26 2.34797e-25 1.5961e-25 2.75986e-25 2.29843e-25 3.24242e-25 1.07818e-25 1.54825e-25 3.38237e-25 5.18866e-26 1.37784e-25 1.34805e-25 1.95586e-25 2.57866e-25 1.42287e-25 1.47687e-25 3.35946e-25 4.78793e-25 1.51321e-25 3.29705e-25 2.43566e-25 3.40774e-25 1.77901e-25 2.48341e-25 1.6628e-25 2.74984e-25 2.38081e-25 2.66215e-25 1.94046e-25 1.79844e-25 3.21882e-25 1.97125e-25 3.17303e-25 2.20567e-25 3.09533e-25 4.91159e-25 3.40143e-25 7.1515e-26 3.38138e-25 1.53984e-25 2.03434e-25 4.74283e-25 4.6374e-25 2.89047e-25 1.77043e-25 1.6069e-27 1.79622e-25 1.12634e-25 8.28715e-26 5.14036e-26 2.42189e-25 3.63196e-25 1.91437e-25 1.35997e-25 2.25736e-25 1.28811e-25 1.25726e-25 1.62093e-25 2.22364e-25 3.85851e-26 2.04649e-25 2.05858e-25 2.92158e-25 1.99427e-25 2.07531e-25 2.10831e-25 1.73476e-25 2.9863e-25 1.24689e-27 2.39457e-25 1.00635e-25 3.29019e-25 2.35138e-25 1.02153e-25 1.53002e-25 7.16892e-26 1.14407e-25 2.75461e-25 5.54978e-26 1.99729e-25 2.16403e-25 1.28292e-25 1.91473e-25 1.23324e-25 2.94959e-25 4.73016e-26 5.6982e-26 
1.2105e-25 1.58613e-25 9.36128e-26 2.25179e-25 1.16536e-25 3.07473e-25 6.98024e-26 1.17509e-25 2.03885e-25 7.32877e-26 2.13412e-25 1.60418e-25 2.05548e-25 4.91898e-26 2.09784e-25 2.63488e-25 1.09946e-25 1.55887e-25 4.03565e-26 1.29932e-25 1.05261e-25 1.94931e-25 1.1051e-25 8.074e-26 5.82491e-26 3.08485e-25 2.87441e-25 5.07397e-26 1.24528e-25 8.63792e-26 1.86559e-25 4.16842e-25 1.27585e-25 1.67309e-25 2.11351e-25 1.68371e-25 1.28487e-25 6.66848e-26 3.11928e-25 1.62531e-25 1.79937e-25 2.19144e-25 2.35594e-25 1.22009e-25 3.57338e-25 3.26132e-25 3.70548e-25 2.11728e-25 2.04129e-25 2.75963e-25 4.7104e-26 3.14499e-25 2.27332e-25 2.83825e-25 1.6226e-25 3.18205e-25 4.1263e-25 3.94678e-25 3.79611e-25 1.29306e-25 1.09251e-25 1.87065e-25 3.17361e-25 2.31712e-25 1.25363e-25 3.96389e-25 2.03597e-25 1.86562e-25 2.261e-25 1.21291e-25 2.48019e-25 2.83872e-25 6.36286e-26 1.45465e-25 2.95184e-26 1.33014e-25 3.65006e-26 2.76205e-25 9.74738e-28 1.06172e-25 7.6169e-26 1.7568e-25 2.63726e-25 2.24129e-25 8.8735e-26 1.73528e-25 2.48312e-25 1.05035e-25 1.64086e-25 1.02147e-25 1.28135e-25 7.36988e-26 3.8001e-26 1.27665e-25 1.83107e-25 1.72169e-25 1.15002e-25 1.10099e-25 5.09654e-26 1.81591e-25 
3.62026e-26 0 1.03264e-25 3.43347e-25 3.33355e-26 4.55841e-26 1.12199e-25 1.95739e-25 3.60414e-26 1.37009e-25 1.58647e-25 2.25548e-25 1.02906e-25 1.80047e-25 1.03407e-27 4.50508e-26 7.46805e-28 1.23014e-25 3.1953e-25 1.77799e-25 1.71024e-25 9.17721e-26 7.79332e-26 3.68021e-26 1.91531e-25 2.02218e-25 6.74732e-28 4.45661e-25 1.02051e-25 2.12745e-25 2.01446e-25 1.51564e-25 9.5894e-26 1.03725e-25 1.28401e-27 9.94887e-26 1.3304e-25 2.73975e-25 1.46072e-25 1.55442e-25 8.53573e-26 8.50518e-26 2.3183e-25 4.71526e-26 5.57144e-26 1.22203e-25 2.43241e-25 2.29713e-25 1.65201e-25 6.77897e-26 1.94094e-25 1.84411e-25 1.92653e-25 2.56109e-25 2.56008e-25 1.23733e-25 9.48248e-26 1.56956e-25 9.03225e-28 1.96231e-25 3.10338e-25 1.99879e-25 1.34135e-25 6.5309e-26 3.46143e-25 1.58687e-25 5.73296e-26 1.40799e-25 2.32154e-25 9.0417e-26 9.66995e-26 1.76064e-27 1.48588e-25 2.38983e-25 2.81118e-25 2.7384e-27 1.18384e-25 2.29078e-25 4.3689e-26 1.74525e-25 1.05139e-25 3.16781e-27 6.60367e-26 1.04341e-25 8.78888e-28 5.95619e-26 4.31669e-26 6.64678e-26 6.80605e-26 1.33269e-25 5.95644e-26 1.08394e-25 1.68294e-25 1.20389e-25 1.45479e-25 1.18412e-25 2.94195e-25 1.39149e-25 2.18644e-27 8.24502e-26 
9.11469e-26 1.42405e-25 3.60569e-26 4.99635e-26 7.73852e-26 1.19732e-27 2.35404e-26 4.02675e-26 1.40736e-25 2.34623e-25 7.38801e-26 7.71623e-26 4.92214e-26 2.1554e-25 4.93713e-26 1.22183e-25 1.27387e-27 3.30028e-25 1.02504e-25 6.30666e-26 1.28069e-25 8.05377e-26 1.67364e-27 1.29046e-25 1.08619e-25 5.272e-26 1.67856e-25 1.23627e-25 8.87739e-28 3.02689e-25 7.44723e-27 1.41274e-25 3.25679e-26 4.26053e-26 9.11114e-26 1.86986e-25 7.58406e-26 2.54041e-25 1.48915e-25 2.6154e-25 1.27689e-25 3.00888e-25 1.86756e-25 3.77061e-26 8.55489e-26 4.0235e-27 6.27012e-26 1.74274e-25 2.18687e-25 4.76665e-26 1.74366e-25 1.19127e-25 1.20488e-25 1.11383e-25 2.52185e-25 1.29602e-25 1.16582e-25 2.33499e-25 1.48741e-25 3.16124e-25 5.39683e-27 4.45763e-26 3.12749e-25 2.66115e-25 1.33724e-25 1.19617e-25 6.08828e-26 3.64115e-26 2.86494e-26 6.74355e-26 3.31519e-27 5.31294e-26 6.18678e-26 9.45015e-26 2.37778e-25 1.07377e-25 2.47156e-25 6.60378e-26 5.12684e-26 2.63355e-25 5.93335e-26 6.33093e-26 1.69863e-25 1.85755e-27 9.97997e-28 1.10102e-25 5.55123e-26 1.40305e-25 3.73604e-27 1.5179e-27 6.72012e-26 3.84761e-26 6.37925e-26 1.11402e-25 1.25239e-25 5.90759e-26 7.85926e-26 0 5.6001e-26 3.32228e-26 
5.20636e-26 1.19058e-25 3.82417e-26 6.43176e-28 1.50291e-25 6.87285e-26 2.92952e-26 0 5.18846e-26 2.07677e-27 4.3514e-26 4.5086e-26 6.54295e-26 8.23273e-28 1.12643e-25 4.48102e-27 4.91409e-26 1.91444e-25 1.15328e-25 7.49025e-26 9.21988e-26 4.05246e-26 4.42752e-26 1.48153e-25 3.84946e-26 5.21052e-28 1.16809e-25 4.68786e-26 5.96203e-26 1.74315e-25 5.64207e-26 1.66977e-27 1.28434e-25 2.86026e-25 9.80833e-26 9.61265e-26 1.5447e-25 1.224e-25 1.24856e-25 7.28661e-26 1.33413e-25 2.98521e-25 3.61543e-26 1.44218e-25 2.00183e-25 8.79069e-28 5.49069e-26 1.92155e-27 1.32481e-25 3.79844e-27 5.73909e-26 5.79414e-26 1.50283e-25 1.95971e-25 1.94491e-27 7.55461e-26 4.57902e-26 1.29931e-25 5.03617e-26 4.42879e-26 1.38438e-25 1.07191e-25 1.31646e-25 1.19805e-25 3.42761e-27 1.18014e-25 3.78195e-26 2.51222e-25 1.07501e-25 1.78868e-25 1.40776e-25 2.33778e-25 6.97233e-26 5.22809e-26 1.04189e-25 5.9342e-26 1.25309e-25 7.62743e-29 3.46286e-25 2.49923e-26 6.3457e-26 2.70178e-26 6.18284e-26 1.60143e-27 9.39804e-26 8.58794e-26 1.47056e-25 6.98661e-26 1.09638e-25 7.23561e-26 1.26253e-25 1.84277e-27 1.28196e-25 5.51041e-26 8.57346e-28 2.47673e-27 9.37639e-27 1.10163e-27 6.55269e-28 2.70806e-26 
1.45477e-25 7.29734e-26 6.63186e-28 1.30515e-25 3.93809e-29 0 6.22395e-26 3.83607e-29 5.89615e-26 5.92538e-26 0 0 6.91622e-26 3.46153e-26 1.6064e-28 2.79993e-28 4.56078e-26 1.75468e-25 5.67168e-26 1.01116e-25 1.50142e-25 1.26234e-25 2.27557e-27 5.04957e-26 3.46773e-26 3.58799e-26 2.31338e-27 7.91871e-26 7.55057e-26 3.47116e-26 4.84942e-26 1.32145e-27 6.42878e-26 7.88448e-26 9.95076e-28 7.6387e-26 6.40685e-26 8.67524e-26 3.48537e-26 5.83868e-26 2.34085e-25 6.34977e-26 7.0855e-26 7.22208e-26 2.94582e-25 7.7729e-28 2.02014e-25 7.6893e-26 1.92103e-25 3.904e-26 5.41777e-26 1.38225e-27 6.79706e-28 9.0454e-26 1.70605e-25 1.0733e-25 1.07171e-25 1.31519e-25 9.42752e-28 1.02124e-25 0 3.556e-26 2.03926e-27 3.32581e-27 7.9782e-26 2.03187e-25 1.54503e-27 8.05611e-28 5.55465e-26 1.35964e-25 9.27348e-26 1.07551e-25 1.42111e-25 1.86178e-27 6.31556e-28 5.64959e-26 1.05414e-25 6.28398e-26 6.35105e-26 1.18913e-25 6.61044e-26 6.45508e-26 1.0142e-25 6.25252e-26 1.52708e-25 6.23489e-28 6.98197e-28 3.87501e-29 7.31886e-26 2.05937e-27 8.97278e-26 1.59963e-25 9.99594e-26 4.94817e-28 7.44522e-26 2.01301e-25 6.48598e-26 0 7.04378e-26 8.60185e-26 
1.09683e-25 3.10826e-28 1.07713e-27 6.18937e-28 2.27431e-26 3.43554e-28 2.11222e-29 0 1.04915e-27 4.13113e-28 1.5607e-27 1.12193e-25 7.14678e-26 5.39668e-26 0 1.52139e-27 1.70658e-27 3.57239e-26 5.43507e-26 7.05824e-26 0 7.29368e-26 1.42124e-27 7.82064e-28 1.0316e-25 2.7759e-27 4.12706e-26 1.25452e-27 2.63249e-26 6.3055e-28 9.32613e-28 7.29067e-26 7.39999e-26 1.36774e-28 5.59109e-26 4.36347e-26 2.54386e-26 3.25892e-26 1.62853e-27 1.0325e-28 0 5.4737e-26 3.45284e-27 5.38115e-28 3.13103e-28 1.6165e-25 1.3375e-27 7.02477e-28 7.44546e-26 3.44367e-26 1.4148e-27 1.07782e-25 1.41435e-25 8.38749e-28 4.36103e-29 6.43428e-26 1.51809e-27 4.54399e-29 6.37965e-26 1.88181e-25 3.70228e-26 2.3099e-27 6.51647e-26 4.10691e-28 3.79758e-28 0 1.07634e-28 8.65621e-28 7.35303e-28 7.04572e-26 4.23213e-28 1.65491e-25 0 9.49545e-26 7.41606e-28 4.79891e-26 7.18277e-26 1.39973e-27 1.61907e-25 7.08131e-26 1.07685e-25 1.69215e-27 6.16483e-26 3.57288e-27 5.25475e-26 1.31662e-25 6.76112e-26 7.46998e-26 7.52537e-26 5.32699e-26 4.08012e-28 6.72697e-26 1.03254e-27 6.53801e-26 1.02595e-25 2.94515e-30 7.24507e-26 2.50323e-28 5.52833e-26 3.91165e-30 
0 2.50268e-28 3.83967e-28 4.4328e-26 3.38096e-28 1.36536e-29 0 8.92165e-26 8.9662e-26 3.11188e-27 0 2.86118e-27 1.24848e-27 4.71056e-26 2.42207e-27 1.00222e-25 1.43013e-27 5.09874e-26 4.53985e-26 0 4.21782e-26 1.21802e-28 7.12201e-26 4.94037e-26 7.91242e-29 2.75876e-28 7.13354e-26 1.12958e-27 6.74492e-26 1.13279e-25 5.36428e-29 1.0842e-25 0 1.80471e-30 8.8724e-26 1.90007e-27 0 4.76785e-30 6.61726e-26 1.34508e-27 5.55344e-26 7.67115e-26 3.44079e-28 1.41202e-25 2.30177e-26 7.08311e-26 0 6.89781e-26 4.93261e-26 8.85673e-26 1.41005e-28 5.76971e-26 1.36237e-27 3.25785e-26 4.00016e-30 4.71642e-26 4.45252e-26 6.58397e-26 2.11111e-29 2.61233e-26 1.30372e-25 1.41973e-29 0 0 1.03575e-27 2.87729e-26 3.91414e-26 1.10585e-25 1.07029e-25 6.12378e-28 6.23603e-28 5.92957e-26 6.01118e-26 1.1861e-25 1.01843e-25 3.89472e-28 6.17442e-26 1.00644e-25 9.39286e-26 7.79921e-26 2.00384e-25 1.24803e-28 9.44904e-26 8.09427e-28 3.78663e-26 0 1.61891e-28 1.92304e-25 6.65757e-26 0 7.13607e-26 1.7209e-25 5.04851e-26 2.91529e-27 1.41002e-25 7.42952e-26 4.51002e-28 4.01224e-29 0 1.05275e-25 
5.8027e-28 0 8.50512e-26 3.65423e-28 5.25639e-29 1.18282e-25 5.19281e-26 4.39164e-26 0 1.01119e-25 1.3329e-27 4.51477e-26 9.76229e-28 0 2.80451e-28 9.78959e-26 4.98338e-26 1.05789e-28 8.77857e-28 1.46775e-25 5.94867e-28 7.38606e-29 7.08746e-26 6.77064e-26 1.57674e-28 3.69879e-28 9.73579e-26 0 3.55336e-26 4.57504e-26 1.67738e-28 8.38505e-29 3.92545e-28 1.49458e-27 7.11425e-26 1.66165e-30 3.83044e-26 3.55825e-26 0 1.10823e-27 0 0 4.10396e-26 1.37152e-27 0 0 1.18426e-25 0 1.23122e-25 3.48282e-30 1.14118e-27 1.39993e-27 5.81457e-26 7.44185e-26 7.82154e-26 3.27564e-28 3.79854e-26 6.23403e-26 9.7537e-28 4.6208e-26 2.10122e-30 4.99595e-27 8.52471e-26 1.35426e-27 4.24735e-26 4.23445e-26 1.27125e-27 0 3.37995e-26 0 3.55478e-26 1.43208e-25 4.22428e-26 2.16369e-25 5.05961e-26 0 0 5.51091e-28 0 6.31521e-26 5.0462e-26 7.88696e-26 1.15443e-25 6.42787e-28 7.09085e-26 1.28841e-27 4.80981e-26 1.54153e-27 5.42761e-28 6.49708e-28 0 9.24719e-30 0 5.14207e-26 4.67181e-26 9.62134e-28 0 8.25225e-30 1.95582e-28 7.62027e-28 
1.13574e-29 0 0 2.56654e-30 0 3.67551e-28 3.89082e-26 1.11896e-25 3.2259e-27 6.24718e-28 6.71103e-26 3.22338e-28 7.67884e-26 1.34516e-25 7.70878e-28 2.00425e-28 0 0 0 0 9.89088e-26 7.90354e-26 1.47969e-30 1.13547e-28 9.428e-29 2.44453e-29 7.62789e-28 5.80031e-26 4.28679e-26 4.11201e-26 0 4.16213e-26 6.15582e-26 5.14076e-26 0 6.75941e-26 4.14547e-28 7.424e-26 1.42897e-25 0 1.44241e-28 5.01157e-26 3.06687e-28 7.47942e-26 4.14946e-27 4.44642e-28 5.64968e-26 2.11979e-28 7.4978e-32 8.06359e-28 8.62675e-26 6.76816e-26 1.11578e-27 2.96013e-26 5.89151e-29 2.74936e-26 4.33015e-29 2.80854e-30 5.09783e-26 1.29271e-27 0 4.54551e-26 0 0 0 5.67733e-26 4.4337e-26 0 6.41205e-26 5.64789e-26 1.469e-25 8.38356e-28 5.19758e-28 1.19562e-30 0 1.14522e-28 2.75972e-30 9.72112e-29 3.5677e-28 0 7.06765e-26 1.30122e-27 0 0 4.08611e-26 8.08215e-30 3.1553e-28 6.34546e-26 1.74201e-27 6.9077e-26 0 5.57007e-28 8.94302e-28 0 1.13456e-29 0 0 4.89418e-26 4.526e-26 2.53405e-29 
7.64815e-26 8.59728e-28 2.97534e-26 0 1.84847e-28 4.42023e-26 5.51395e-28 1.06274e-25 6.74223e-26 0 1.02105e-27 4.06101e-26 1.65846e-29 7.02008e-26 0 7.08018e-28 6.6322e-29 0 0 0 7.9103e-26 4.33482e-26 0 0 6.63371e-29 0 9.63916e-31 6.35008e-28 0 5.66493e-26 0 0 0 6.70307e-26 0 0 0 0 0 0 0 0 3.65359e-29 1.693e-25 0 4.71755e-26 0 1.5163e-29 3.57336e-26 9.68277e-26 2.15868e-25 4.38787e-26 0 5.86603e-30 5.30039e-26 5.75451e-26 4.66656e-26 0 9.01801e-26 9.48417e-28 1.08274e-27 0 0 0 4.64769e-27 8.93814e-28 0 0 4.75985e-28 0 4.90235e-28 0 2.83926e-28 3.95247e-26 0 0 4.36635e-26 8.31328e-28 1.06683e-25 0 0 5.23212e-26 0 0 4.07114e-28 1.69792e-27 6.09299e-26 5.89274e-26 1.92354e-27 0 0 1.155e-25 1.86038e-28 4.24105e-30 4.22497e-28 0 0 7.09035e-28 7.77167e-29 6.81039e-26 
9.43917e-30 1.9951e-27 0 6.13152e-26 0 1.83731e-26 0 3.59154e-26 0 0 5.62256e-26 0 9.71635e-28 9.28991e-26 0 0 0 8.17329e-26 0 0 9.01745e-29 0 4.17399e-26 0 0 0 0 0 5.42544e-26 1.28747e-28 2.34174e-30 0 0 0 0 0 6.01014e-28 9.87268e-29 0 4.28633e-26 7.14469e-28 0 0 3.49535e-28 9.20522e-28 1.8756e-26 6.7857e-29 5.53949e-26 2.74828e-27 6.50146e-28 3.22169e-28 0 0 6.45837e-26 1.41336e-27 2.40537e-28 1.12708e-25 0 0 0 0 1.30931e-27 0 4.69002e-26 3.80852e-26 0 0 0 0 0 3.6849e-28 0 0 0 2.95909e-26 4.06498e-26 1.01273e-27 3.71971e-28 0 1.05346e-27 0 0 6.55686e-26 0 0 6.19741e-28 0 0 0 2.62417e-29 0 1.07695e-29 1.0793e-25 7.02529e-26 5.13915e-28 0 0 0 0 4.70976e-26 
1.69128e-29 0 0 2.57873e-26 0 0 0 1.06974e-28 8.21319e-28 2.3667e-26 0 0 0 0 0 0 4.94261e-28 2.44436e-28 0 4.03261e-26 1.93265e-29 1.09967e-27 0 0 0 3.30244e-26 1.75864e-28 0 4.87157e-26 0 7.58877e-26 0 0 2.24463e-28 0 4.74653e-26 0 6.11566e-26 0 0 1.17627e-27 1.00069e-27 0 0 0 0 4.0858e-29 1.60401e-28 0 4.11387e-26 0 1.82892e-30 1.94387e-28 0 8.69358e-30 0 0 0 0 3.55132e-26 0 0 0 0 0 3.00481e-28 0 0 0 7.54232e-26 0 0 0 0 0 4.31389e-27 0 4.81139e-26 0 0 0 0 5.99962e-26 0 0 0 0 0 3.63727e-26 9.00771e-28 2.0851e-27 4.61274e-26 4.58107e-26 0 1.08323e-25 0 5.08371e-26 0 5.74729e-30 0 
0 0 0 0 0 3.95494e-26 2.1747e-27 0 1.39343e-31 0 0 4.18789e-26 0 0 0 0 5.59543e-26 3.68738e-29 3.73818e-26 0 1.32884e-25 1.36827e-28 1.14193e-27 0 6.65296e-26 0 0 1.05101e-27 0 0 0 0 3.67234e-26 0 9.94415e-26 5.26585e-29 6.77253e-28 0 0 0 0 0 0 0 6.28155e-26 0 0 0 4.22795e-28 0 2.16902e-27 0 0 0 0 0 0 5.2301e-26 9.91987e-28 0 0 0 6.09983e-26 8.54499e-28 0 0 0 0 3.49754e-26 0 3.07365e-26 0 0 0 0 0 0 0 0 0 0 0 0 1.00106e-28 0 0 0 3.43803e-26 0 0 0 0 0 5.44538e-26 0 0 0 0 0 0 
5.41271e-26 0 7.1595e-26 3.82924e-26 5.48884e-30 0 6.10186e-26 4.21811e-28 0 0 0 0 0 0 0 8.71558e-28 2.17342e-28 0 0 0 4.06253e-26 0 0 0 0 0 0 0 5.19791e-26 4.38669e-26 0 0 1.28121e-28 1.65194e-29 0 0 0 0 1.38279e-28 5.05172e-28 0 0 0 0 0 7.39873e-26 0 0 5.10784e-29 0 0 0 0 2.44578e-29 7.22832e-26 0 1.196e-27 0 0 0 0 0 0 0 0 0 0 0 0 0 0 0 0 0 0 0 0 0 0 2.41296e-28 0 0 0 0 0 0 0 0 0 1.17101e-27 8.55201e-28 0 0 1.58433e-27 6.10145e-26 0 0 0 0 0 
0 0 8.33234e-30 0 0 0 0 0 0 0 6.971e-26 0 0 0 0 0 0 0 0 3.51404e-28 0 0 0 6.49052e-26 7.47408e-26 0 0 0 0 4.50825e-28 0 0 0 0 0 0 0 0 0 0 0 4.46792e-26 0 0 0 0 0 7.32876e-28 0 9.65476e-28 3.21764e-26 0 6.53731e-26 1.92353e-29 0 0 0 1.16486e-30 0 0 0 0 0 0 0 0 0 0 0 0 0 0 0 0 0 0 0 1.00218e-28 0 0 0 0 0 0 0 0 0 0 0 0 0 0 0 0 0 0 0 0 4.42298e-26 0 
0 1.09715e-27 0 1.28376e-28 0 0 0 5.68883e-26 0 0 0 0 0 0 0 0 0 0 0 0 0 0 0 0 0 0 0 0 7.10648e-26 0 0 0 2.46108e-29 0 0 2.28152e-28 3.65453e-26 0 0 0 0 7.39821e-26 0 0 0 0 0 0 0 0 0 2.2935e-28 0 0 0 0 5.02872e-29 0 0 0 4.35219e-26 0 0 0 0 0 0 0 0 4.27902e-26 0 0 0 3.13324e-26 1.24662e-29 0 0 7.24402e-28 0 0 0 0 0 0 1.98869e-29 0 0 0 6.6212e-26 0 0 0 0 0 0 0 0 0 0 0 
0 0 0 0 0 0 0 0 0 0 0 0 0 0 0 0 0 0 0 0 2.96367e-31 0 0 0 0 0 5.27274e-29 0 0 3.63579e-26 0 0 0 0 0 0 0 0 0 0 0 0 0 6.70965e-29 0 0 0 0 0 0 0 0 0 0 0 0 0 0 0 0 0 0 0 0 0 0 0 0 0 0 0 0 0 2.25935e-26 0 8.54552e-28 0 0 0 0 0 5.32016e-28 0 3.5973e-28 0 0 0 0 0 0 0 0 0 0 0 9.49555e-29 0 0 0 0 
0 0 0 4.04815e-28 0 0 0 0 0 0 0 0 0 0 0 0 0 0 0 0 1.48832e-29 2.79825e-26 0 0 0 0 0 0 0 0 1.38436e-29 3.33974e-28 0 0 0 0 0 0 5.54983e-26 0 0 0 0 0 5.40218e-26 3.18268e-28 0 0 0 0 0 0 2.19369e-28 0 0 3.83905e-26 1.41932e-28 2.39861e-28 0 0 0 0 0 0 0 0 0 0 0 0 0 0 0 0 0 0 2.968e-29 0 0 1.75928e-27 5.47777e-29 1.33405e-32 0 0 0 0 0 0 0 3.08245e-26 0 0 0 0 0 0 0 0 0 4.44359e-26 
5.78453e-31 0 0 0 0 0 0 0 0 0 3.7373e-26 0 0 0 0 0 0 0 0 0 3.61152e-26 0 0 0 4.17828e-26 0 0 0 0 0 6.57786e-30 0 5.69071e-28 1.94699e-27 0 0 0 0 0 0 0 0 0 0 0 0 0 7.18166e-26 0 0 0 0 0 0 0 0 0 0 0 0 0 0 5.96177e-28 0 0 0 0 0 0 0 0 0 0 0 0 0 0 0 0 0 1.12939e-27 1.98173e-28 0 0 0 0 0 0 0 0 0 0 0 0 0 0 0 0 0 0 
0 0 0 0 3.49595e-28 0 0 0 0 0 0 0 0 0 0 0 0 0 0 0 0 0 0 0 0 0 0 0 0 0 0 0 0 0 2.89293e-26 0 0 7.57493e-28 0 0 0 0 0 0 0 0 1.99402e-29 0 0 0 0 0 0 0 0 0 0 0 0 0 0 0 0 0 0 0 0 0 0 0 0 0 0 0 0 1.61855e-29 0 0 0 0 0 0 4.5288e-26 0 0 0 0 0 0 0 0 0 6.52532e-26 0 0 0 0 0 0 4.53118e-26 
0 0 0 0 3.56071e-26 0 0 0 0 0 0 0 0 0 0 0 0 0 0 0 0 0 0 0 0 0 0 0 4.42359e-26 0 0 0 0 0 0 0 0 0 0 0 0 4.35026e-26 0 0 0 0 0 0 0 0 0 0 0 0 0 4.17397e-28 0 0 0 0 0 0 0 0 0 0 0 0 0 0 0 4.1179e-26 0 0 0 0 2.15742e-26 0 0 0 0 0 0 0 0 0 0 0 0 0 0 0 0 0 0 0 0 0 0 2.31741e-29 
0 0 0 0 0 0 0 0 0 0 0 0 0 0 0 2.16043e-28 0 0 0 0 0 0 0 0 0 0 0 0 0 0 0 0 0 0 0 0 0 0 0 0 0 0 0 0 8.04017e-28 0 0 0 0 0 0 0 0 0 0 0 0 0 0 0 0 0 0 0 0 0 0 0 0 0 0 0 0 0 0 0 0 0 0 0 0 0 0 0 0 0 0 0 0 0 0 0 0 0 0 0 0 0 0 0 
0 0 0 0 0 0 0 0 0 0 0 0 0 0 0 0 0 0 0 0 0 0 0 0 0 0 0 0 0 0 0 0 0 0 0 0 0 0 0 0 0 0 0 0 0 0 0 0 0 0 0 0 0 0 0 0 0 0 0 0 0 0 0 0 0 0 0 0 0 0 0 0 0 0 0 0 0 0 0 0 0 0 0 0 0 0 0 0 0 0 0 0 0 0 0 0 0 0 0 4.78094e-26 
0 0 0 0 0 0 0 0 0 0 0 0 0 0 0 0 0 0 0 0 0 0 0 0 0 0 0 0 0 0 0 0 0 0 0 0 0 0 0 0 0 0 0 0 0 0 0 0 0 0 0 0 0 0 0 0 0 0 0 0 0 0 0 0 0 0 0 0 0 0 0 0 0 0 0 0 0 0 0 0 0 0 0 0 0 0 0 0 0 0 0 0 0 0 0 0 0 0 0 0 
0 0 0 0 0 0 0 0 0 7.81424e-26 0 0 0 0 0 0 0 0 0 0 0 0 0 0 0 0 1.19243e-27 0 0 0 0 0 0 0 0 0 0 0 0 0 0 0 0 0 0 0 0 0 0 0 0 0 0 0 0 0 0 0 0 0 0 0 0 0 0 0 0 0 0 0 0 0 0 0 0 0 0 0 0 0 0 0 0 0 0 0 0 0 0 0 0 0 0 0 0 0 0 0 0 9.63152e-29 
0 0 0 0 0 0 0 0 0 0 0 0 0 0 0 0 0 0 4.13144e-26 0 0 0 0 1.23095e-28 0 0 0 0 0 8.87934e-31 2.02635e-30 0 0 0 0 0 0 0 0 0 0 0 0 0 0 0 0 0 0 0 0 0 0 0 0 0 0 0 0 0 0 0 0 0 0 0 0 0 0 0 0 0 0 0 0 0 0 0 0 0 0 0 0 0 0 0 0 0 0 0 0 0 0 0 0 0 0 0 0 0 
2.89711e-29 0 0 0 0 0 0 5.36605e-32 0 0 0 0 0 0 0 0 0 0 0 0 0 0 0 0 0 0 0 0 0 0 0 0 0 4.17947e-28 0 0 0 0 0 0 0 0 0 0 0 0 0 0 0 0 0 0 0 0 0 0 0 0 0 0 0 0 0 0 0 0 4.65338e-26 0 0 0 0 0 0 0 0 0 0 0 0 0 0 0 0 0 0 0 0 0 0 0 0 0 0 0 0 0 0 0 0 0 
0 0 0 0 0 4.00913e-26 0 0 0 0 0 0 0 0 0 0 0 0 0 0 0 0 0 0 0 0 0 0 0 0 0 0 0 0 0 0 0 0 0 0 0 0 0 0 0 0 0 0 0 0 0 0 0 0 0 0 0 0 0 0 0 0 0 0 0 0 0 4.02064e-28 0 0 0 0 0 0 0 0 0 0 0 0 0 0 0 0 0 0 0 0 0 0 0 0 0 0 0 0 0 0 0 0 
0 0 1.33097e-27 0 0 0 0 0 0 0 0 0 0 0 0 2.72154e-31 0 0 0 0 0 0 0 0 0 0 0 0 0 0 0 0 0 0 0 0 0 0 0 0 0 0 0 0 0 0 0 0 0 0 1.13991e-27 0 0 0 0 7.97875e-31 0 0 0 0 0 0 0 0 0 0 0 0 0 0 0 0 0 0 0 0 0 0 0 0 0 0 0 0 0 0 0 0 0 0 0 0 0 0 0 0 0 0 0 7.49863e-28 
0 0 0 0 0 0 0 0 0 0 0 4.13248e-29 0 0 0 0 0 0 0 0 0 0 0 0 0 0 0 0 0 0 0 0 0 0 0 0 0 0 0 0 0 0 0 0 0 0 0 0 0 0 0 0 0 0 0 0 0 0 0 0 0 0 0 0 0 0 0 0 0 0 0 0 0 0 0 0 0 0 0 0 0 0 0 0 0 0 0 0 0 0 0 0 0 0 0 0 0 0 0 0 
0 0 0 0 0 0 0 0 0 0 0 0 0 0 0 0 0 0 0 0 0 0 0 0 0 0 0 0 0 0 0 0 0 0 0 0 0 0 0 0 0 0 0 0 0 0 0 0 0 0 0 0 0 0 0 0 0 0 0 0 0 0 0 0 0 4.24076e-26 1.14655e-29 0 0 0 0 0 0 0 0 0 0 0 0 0 0 0 0 0 0 0 0 0 0 0 1.41391e-28 0 0 0 1.90933e-30 0 0 0 0 0 
0 0 0 0 0 0 0 0 0 0 0 0 0 0 0 0 0 0 0 0 0 0 0 0 0 0 0 0 0 0 0 0 0 0 0 0 0 0 0 0 0 0 0 0 0 0 0 0 0 0 0 0 0 0 0 0 0 0 0 0 0 0 0 0 0 0 0 0 0 0 0 0 0 0 0 0 0 0 0 0 0 0 0 0 2.64558e-29 0 0 0 0 0 0 0 0 0 0 0 0 0 0 0 
4.86827e-26 0 0 0 0 2.70501e-29 0 0 0 0 0 0 0 0 0 0 0 0 0 0 0 0 0 0 0 0 0 0 0 0 0 0 0 0 0 0 0 0 0 0 0 0 0 0 0 0 0 0 0 0 0 0 0 0 0 0 0 0 0 0 0 0 0 0 5.42376e-26 0 0 0 0 0 0 0 4.2504e-26 0 0 0 0 0 0 0 0 2.25284e-27 0 0 0 3.45451e-26 0 0 1.79393e-28 0 0 0 0 0 0 0 0 0 2.33749e-28 0 
0 0 0 0 0 0 3.22534e-28 0 6.78188e-26 0 0 0 5.63151e-26 0 0 0 0 0 0 0 0 0 0 0 0 0 0 0 0 0 0 0 0 0 0 0 0 0 0 0 0 0 0 0 0 0 0 0 0 0 0 0 0 0 0 0 0 0 0 0 0 0 0 0 0 3.77728e-26 0 0 0 0 0 0 0 0 0 0 0 0 0 0 4.92478e-26 6.09105e-29 0 0 0 0 0 0 0 0 0 0 0 0 0 0 0 0 4.6753e-26 0 
0 0 0 0 0 0 0 0 0 0 0 0 0 0 0 0 0 0 0 0 0 0 0 0 0 0 0 0 0 0 0 0 0 0 0 0 0 0 0 0 0 0 0 0 0 0 0 0 0 0 0 0 0 0 0 0 0 0 0 0 0 0 0 0 0 0 0 0 0 0 0 0 0 0 0 0 0 0 0 0 0 0 0 0 0 0 0 0 0 0 0 0 0 0 0 0 0 0 0 0 
0 0 0 0 0 0 0 0 0 0 0 0 0 0 0 0 0 0 0 0 0 0 0 0 0 0 0 0 0 0 0 0 0 0 0 0 0 0 0 0 0 5.72575e-26 0 0 0 0 0 0 0 0 0 0 0 0 0 0 0 0 0 0 0 0 0 0 0 0 0 3.45665e-28 5.40525e-30 0 0 0 0 0 0 0 0 0 0 0 0 0 0 0 0 0 0 0 0 0 0 0 0 0 0 0 0 0 0 3.56081e-26 
0 0 0 0 0 0 0 0 0 0 0 0 0 0 0 0 0 0 0 0 0 0 0 0 0 0 0 0 0 0 0 0 0 0 0 0 0 0 0 0 0 0 0 0 0 0 0 0 0 0 0 0 0 0 0 0 0 0 0 0 0 0 0 0 0 0 0 0 0 0 0 0 0 0 0 0 0 0 0 0 0 0 0 0 0 0 0 0 0 0 0 0 0 0 6.17004e-29 0 0 2.52306e-28 0 6.89145e-28 
0 0 0 0 0 0 0 0 0 0 0 0 0 0 0 0 0 0 0 0 9.89081e-29 0 0 0 0 0 0 0 0 0 0 0 0 0 0 0 0 0 0 0 0 0 0 0 0 0 0 0 0 0 0 0 0 0 0 0 0 0 0 0 0 0 0 0 0 0 0 0 0 0 0 0 0 0 0 0 0 0 0 0 0 0 0 0 0 0 0 0 0 0 0 0 0 0 0 0 0 0 0 4.49173e-26 
0 1.37297e-28 0 0 0 0 0 0 0 0 0 0 0 0 0 0 0 0 0 0 0 0 0 0 0 0 0 0 0 0 0 0 0 0 0 0 0 0 0 0 0 0 0 0 0 0 0 0 0 0 0 0 0 0 0 0 0 0 0 0 0 0 0 0 0 0 0 0 0 0 0 0 0 0 0 0 0 0 0 0 0 0 0 0 0 0 0 0 0 0 0 0 0 0 0 0 0 0 0 0 
2.99027e-28 0 6.09028e-26 0 0 0 0 0 0 0 0 0 0 0 0 0 0 0 0 0 0 0 0 0 0 0 0 0 0 0 0 0 0 0 0 0 0 0 0 0 0 0 0 0 0 0 0 0 0 0 0 0 0 0 0 0 0 0 0 0 0 0 0 0 0 1.69344e-28 0 0 0 0 0 0 0 0 0 0 0 0 0 0 0 0 0 0 0 0 0 0 0 0 0 0 0 0 0 0 0 0 0 0 
0 0 0 0 0 0 0 0 0 0 0 0 0 0 3.38943e-29 0 0 0 0 0 0 0 0 0 0 1.47124e-28 0 0 0 0 0 0 0 0 0 0 0 0 0 0 0 0 0 0 0 0 0 0 0 0 0 0 0 0 0 0 0 0 0 0 0 0 0 0 0 0 0 0 0 0 0 0 0 0 0 0 0 0 0 0 0 0 0 0 0 0 0 0 0 0 0 0 0 0 0 0 0 0 0 0 
0 0 4.51909e-26 0 0 0 0 0 1.499e-27 0 0 0 0 0 0 0 0 0 0 0 0 0 0 0 0 0 0 0 0 0 0 0 0 0 0 0 0 0 0 0 0 0 0 0 0 0 0 0 0 0 0 0 0 0 0 0 0 0 0 0 0 0 0 0 0 0 0 0 0 0 0 0 0 0 0 0 0 0 0 0 0 0 0 0 0 0 0 0 0 0 0 0 0 0 0 0 0 0 0 0 
