#################################### 
# Matrix Size= (300,500,1700)
# Resol      = (100,1,1)
# VoxelSize  = (3,500,1700)
# nbVal      = 100
#################################### 
1.562480768e-11
1.519332554e-11
1.359944477e-11
1.308663154e-11
1.228155117e-11
1.158919581e-11
1.056423206e-11
1.008643224e-11
9.192990906e-12
8.538606481e-12
7.765965015e-12
7.136060692e-12
6.784245744e-12
6.239351724e-12
5.811303913e-12
5.424447372e-12
5.160170208e-12
4.625837017e-12
4.26909709e-12
4.060943535e-12
3.618947648e-12
3.492887394e-12
3.137786282e-12
2.90441762e-12
2.55734334e-12
2.54948719e-12
2.400102632e-12
2.122379972e-12
2.072921424e-12
1.812435854e-12
1.683769928e-12
1.628993516e-12
1.456395781e-12
1.409808278e-12
1.243108955e-12
1.181704267e-12
1.177457453e-12
1.133548166e-12
9.585787879e-13
9.118789524e-13
9.00397989e-13
7.94307143e-13
7.708339563e-13
6.850391222e-13
6.162064488e-13
5.361535398e-13
5.375958089e-13
5.018104405e-13
4.865293541e-13
4.28145192e-13
4.016296263e-13
3.841167553e-13
3.681843391e-13
3.171726116e-13
2.984469381e-13
2.592686599e-13
2.593147563e-13
2.524702798e-13
2.119678307e-13
2.001939279e-13
1.892658905e-13
1.763135184e-13
1.624429363e-13
1.544149285e-13
1.536646572e-13
1.16510231e-13
1.474362661e-13
1.359734983e-13
8.493854882e-14
1.080543981e-13
7.5557491e-14
7.57010197e-14
7.997214194e-14
6.537569157e-14
7.426773065e-14
6.828799289e-14
6.162853222e-14
9.143467118e-14
4.45049411e-14
7.936238447e-14
5.404478777e-14
4.27864906e-14
5.565976832e-14
2.852267264e-14
4.109997616e-14
3.832003998e-14
2.93702866e-14
3.078018937e-14
1.842090745e-14
2.077821982e-14
2.146143949e-14
1.968238508e-14
2.419640386e-14
1.591818798e-14
1.832826345e-14
2.191863913e-14
1.849116909e-14
9.752370844e-15
3.011768121e-14
2.111193465e-14
