#################################### 
# Matrix Size= (300,500,1700)
# Resol      = (1,100,100)
# VoxelSize  = (300,5,17)
# nbVal      = 10000
#################################### 
0.00688842 0.00441876 0.00855038 0.00266194 0.00356652 0.00370845 0.0001579 0.00870127 0.00451081 0.00466272 0.00485421 0.0104071 0.00706811 0.00411228 0.0107321 0.0103108 0.00250796 0.0065429 0.00304141 0.0045315 0.00159328 0.00658709 0.00763438 0.00447679 0.00510801 0.00428357 0.00546948 0.00393497 0.00602252 0.00654427 0.00569601 0.0109822 0.00689537 0.00687596 0.00294883 0.00922745 0.00390963 0.00264874 0.00570226 0.012142 0.0115713 0.00291673 0.0134776 0.00752001 0.00500653 0.00455182 0.00958514 0.00487914 0.0114356 0.00688135 0.00750184 0.00673546 0.0041893 0.00415034 0.00469219 0.0048712 0.00788061 0.00629937 0.00499235 0.00160742 0.00634411 0.00666705 0.00815877 0.00809318 0.00416611 0.00952285 0.0169733 0.00808092 0.00893877 0.00659178 0.00516119 0.00435917 0.0056988 0.00857763 0.00623783 0.00633086 0.00389574 0.00201008 1.98934e-05 0.0073524 0.00579552 0.00577799 0.0121022 0.00130554 0.00216773 0.00523606 0.00757241 0.0059576 0.0098908 0.00617374 0.00281875 0.00687609 0.00393846 0.00900745 0.00730286 0.00737062 0.00632524 0.00382538 0.00858362 0.00135138 
0.00508816 0.00438741 0.0050397 0.00125384 0.00760068 0.00581134 0.0091241 0.00156828 0.00456758 0.00511033 0.00650511 0.00521611 0.00258114 0.00659447 0.00224098 0.00720495 0.00356893 0.00925692 0.00489213 0.00743623 0.00439291 0.0029201 0.00860199 0.00286878 0.00261587 0.0114336 0.00932584 0.00555551 0.00722092 0.00836908 0.00775417 0.01001 0.0106768 0.00343881 0.00480999 0.00383523 0.00498306 0.00791822 0.0094108 0.00283056 0.00265676 0.00557166 0.00735843 0.00891562 0.00676762 0.00802995 0.00480523 0.00670797 0.00247431 0.00494285 0.00374849 0.00149921 0.0106146 0.0104456 0.00812227 0.00507998 0.0072839 0.0077561 0.00799276 0.00105228 0.00253638 0.00273155 0.0107101 0.00770201 0.00592127 0.00864203 0.0119965 0.00526932 0.00608258 0.0143278 0.0107147 0.00886459 0.004235 0.00771045 0.00157662 0.00668718 0.0122389 0.00556766 0.0117207 0.00753948 0.00340458 0.00907484 0.0061196 0.00246518 0.0072328 0.0116497 0.00827962 0.0117533 0.00373572 0.0149582 0.00332197 0.00761002 0.00333709 0.00749744 0.00507648 0.00293342 0.0108931 0.00222119 0.00581006 0.00379356 
0.00370769 0.00945116 0.00245251 0.00259968 0.00506495 0.0100579 0.00384368 0.00607611 0.00764697 0.00969019 0.00509397 0.00462681 0.00337549 0.00999311 0.00895359 0.0121427 0.00622145 0.00485114 0.00804952 0.00784688 0.00807448 0.00536781 0.00736561 0.00989077 0.0132176 0.00850277 0.00691681 0.00693589 0.00922 0.00721509 0.00816204 0.0106197 0.00868834 0.0068906 0.00833968 0.00632126 0.0121013 0.00720537 0.0120253 0.00678642 0.013584 0.00792763 0.00616355 0.00845003 0.00840375 0.00875443 0.0115166 0.00769183 0.00352952 0.00909119 0.00603136 0.009059 0.00422953 0.00824739 0.0124223 0.00541932 0.010539 0.00797873 0.00437539 0.00912701 0.0124054 0.00364596 0.00813849 0.00851701 0.0093079 0.00212435 0.00679957 0.00710426 0.00886015 0.00582931 0.00862409 0.00897946 0.00349878 0.00526064 0.00789134 0.00612171 0.00634057 0.00349348 0.00835661 0.0107702 0.00732008 0.0109622 0.00690168 0.0088751 0.00754772 0.00781076 0.00539523 0.00415664 0.00450023 0.00412986 0.00882869 0.00524306 0.00778331 0.00245958 0.00261959 0.0112902 0.00517237 0.00597698 0.00617285 0.00661447 
0.00503648 0.00686551 0.0105742 0.00471642 0.00506726 0.0106783 0.00191578 0.0126192 0.00832251 0.0084323 0.00956873 0.00946135 0.00884064 0.0069183 0.0096061 0.0138649 0.00798 0.00380222 0.00246844 0.0105234 0.0113055 0.00444057 0.0087225 0.00929791 0.00654426 0.00292052 0.0136051 0.0052769 0.0131621 0.00870577 0.00665971 0.00993744 0.00991124 0.00668978 0.0157764 0.00567722 0.0137897 0.00880513 0.00614993 0.00555861 0.00805054 0.00551198 0.0113479 0.0100264 0.00855643 0.0038405 0.010339 0.00776241 0.00795625 0.0113887 0.00660894 0.0092167 0.00748169 0.00334236 0.0108155 0.00960097 0.00937647 0.00931009 0.00676679 0.0128801 0.0126852 0.011784 0.0108935 0.0164906 0.0133357 0.0105397 0.0103483 0.0115815 0.00880706 0.0131392 0.00674345 0.00679111 0.00819777 0.00994433 0.00961881 0.00573999 0.0123417 0.00558518 0.0168381 0.00404399 0.00961628 0.00798083 0.00431223 0.0084972 0.0041246 0.00305978 0.00485561 0.00469872 0.00895287 0.00712971 0.00981754 0.00566179 0.00842205 0.00749589 0.00641376 0.0114353 0.010611 0.00666682 0.00556386 0.00526372 
0.00827803 0.00372648 0.00531654 0.0089449 0.00577944 0.00657907 0.00624603 0.0081781 0.00985282 0.00972865 0.010847 0.00431535 0.00828461 0.00929346 0.00502799 0.00903149 0.00407592 0.00537159 0.0134865 0.0141239 0.00476046 0.00670286 0.011574 0.00370191 0.0126307 0.0104839 0.0126068 0.00856069 0.00426783 0.012092 0.00550497 0.0102405 0.0104371 0.0146682 0.00898356 0.00808735 0.0113753 0.00745995 0.0119171 0.00660711 0.0143804 0.00981129 0.00791568 0.00629155 0.00888814 0.0067486 0.00879923 0.00820344 0.002954 0.00599734 0.00386006 0.00514469 0.0075232 0.00893452 0.0041473 0.00882925 0.00819271 0.00438101 0.00918948 0.00666087 0.00808322 0.00785208 0.010917 0.0137902 0.0123108 0.0118841 0.00369452 0.00970392 0.0107186 0.00616358 0.00808721 0.0119234 0.00670146 0.00740359 0.0108572 0.00963894 0.00654483 0.00675046 0.00645316 0.00606673 0.00776867 0.00800692 0.00627101 0.005831 0.0125636 0.00707539 0.0129927 0.00815741 0.00907731 0.00551796 0.00965275 0.00443998 0.0069905 0.00449108 0.00702647 0.0088387 0.010513 0.00218745 0.0110995 0.00716536 
0.00221521 0.0100962 0.00532582 0.00985382 0.0044978 0.00891994 0.00800141 0.00662164 0.00801746 0.00890119 0.00686769 0.00975861 0.00899043 0.0125783 0.00538592 0.00658571 0.00640072 0.00855851 0.00976904 0.0037847 0.00919941 0.0134162 0.00734571 0.00946595 0.0084525 0.0153729 0.0137609 0.01031 0.0117171 0.0136821 0.00931305 0.00922133 0.00931877 0.010164 0.00860957 0.00472767 0.00608763 0.0136198 0.00787976 0.0136309 0.0150896 0.0100914 0.00796429 0.0044838 0.00506892 0.00962686 0.00727474 0.0133931 0.0102317 0.00586804 0.00863888 0.0114238 0.00813079 0.0118074 0.010398 0.00922463 0.00990917 0.00696756 0.0113825 0.0129929 0.00345396 0.0131759 0.00945897 0.00833449 0.00983964 0.00755834 0.00604547 0.0147236 0.014668 0.0144534 0.0146986 0.00619899 0.0055854 0.00698143 0.00669943 0.00492526 0.00836173 0.00785067 0.00457954 0.0078415 0.00602119 0.00936167 0.00557109 0.00396198 0.00602655 0.00880959 0.0108763 0.00662908 0.0101276 0.00390409 0.0155724 0.0121741 0.0101544 0.00639581 0.00738204 0.00724083 0.00549818 0.00908985 0.00445336 0.00596068 
0.0040714 0.00471984 0.0103283 0.00973924 0.00764694 0.0102639 0.0136328 0.00366842 0.00764282 0.00619228 0.00959845 0.00940717 0.0078244 0.00663014 0.00713824 0.0124097 0.0102192 0.00982084 0.012476 0.0101811 0.00685772 0.00573701 0.00916197 0.00988243 0.011728 0.00268906 0.0107382 0.0122976 0.0102874 0.0070287 0.00978882 0.00972691 0.00899319 0.00953685 0.00933939 0.00927836 0.0161997 0.00970944 0.00710543 0.0202108 0.00951079 0.0125832 0.0148079 0.00611082 0.00810521 0.0125185 0.0104113 0.00954304 0.00684119 0.0157463 0.0042925 0.0179187 0.0109894 0.00892109 0.0127932 0.00613335 0.00758669 0.00574848 0.00749538 0.0158993 0.0106016 0.0104886 0.00609365 0.00757216 0.0082551 0.014776 0.0127392 0.0157718 0.0157172 0.00735039 0.00850481 0.0120585 0.015749 0.0186304 0.00656417 0.0109398 0.00476493 0.00379454 0.00882856 0.00974222 0.00573037 0.00884939 0.00762417 0.0056839 0.00333751 0.00587861 0.00719242 0.00718897 0.0112475 0.0101412 0.00721559 0.00818197 0.00570159 0.00894399 0.0104075 0.00966625 0.00802527 0.00619372 0.00377374 0.0048194 
0.00478391 0.00452716 0.00832299 0.00841849 0.0108382 0.0118913 0.011131 0.00653246 0.00788386 0.00291574 0.0112885 0.00726924 0.00777282 0.0139545 0.0101168 0.0114965 0.00821385 0.00840592 0.0114268 0.00555287 0.00974657 0.0147269 0.00787023 0.0194763 0.00652297 0.013514 0.0111042 0.00335018 0.0156222 0.00508823 0.00393306 0.00355014 0.00437024 0.00788646 0.0135059 0.00830332 0.00505161 0.0172282 0.00391667 0.0105884 0.0107459 0.00436454 0.0112206 0.00612148 0.013689 0.0138517 0.0120346 0.0138087 0.00826986 0.0125511 0.0100717 0.00724095 0.00522827 0.0145783 0.00467402 0.00582908 0.00946969 0.0147145 0.0126871 0.00631146 0.0090451 0.0103248 0.017991 0.0212848 0.00848016 0.0075911 0.0130909 0.0198849 0.0092672 0.00723693 0.0103818 0.00855866 0.00454426 0.0117838 0.0120918 0.00812148 0.0118901 0.00819942 0.00638845 0.00719953 0.0078161 0.0023003 0.0124161 0.0127305 0.00921274 0.00565555 0.00813069 0.00984398 0.00674151 0.00539179 0.0082183 0.0172841 0.0104581 0.0160471 0.00755729 0.00792266 0.00395198 0.00735357 0.00399811 0.00604404 
0.00591652 0.00148539 0.00647223 0.00549405 0.00842995 0.0142624 0.00629691 0.0075758 0.00857753 0.00823894 0.0103117 0.00571378 0.0124722 0.0112572 0.00849521 0.0087316 0.00929433 0.017113 0.0111878 0.0104276 0.00727979 0.012081 0.005928 0.00873502 0.00943189 0.015598 0.0091587 0.0152936 0.013606 0.0117296 0.00718644 0.00925892 0.0139711 0.0143531 0.00724789 0.00994163 0.0148671 0.00782707 0.0121094 0.011116 0.00622131 0.0116109 0.0148617 0.0103028 0.0192821 0.00616509 0.0100458 0.014075 0.00630249 0.00553091 0.00697787 0.0153734 0.00915318 0.00947465 0.00867138 0.00842157 0.0162708 0.00614608 0.00403643 0.0191841 0.00683489 0.0123907 0.00894924 0.0113547 0.0066653 0.00659883 0.0164282 0.00430244 0.0047458 0.0104291 0.0112402 0.0146123 0.00739982 0.0147333 0.0139286 0.00682499 0.0161554 0.0129335 0.00873009 0.00659498 0.0139749 0.0092384 0.0116774 0.00655891 0.00941336 0.0079237 0.00948388 0.00889031 0.0078668 0.0117599 0.00846707 0.00553503 0.0117971 0.0104464 0.00344006 0.0058266 0.0104302 0.00771251 0.0088109 0.0118915 
0.00911056 0.0108615 0.00705466 0.00300336 0.00794915 0.00649634 0.00841638 0.00920773 0.002018 0.0167376 0.0154325 0.0127878 0.0132291 0.00494306 0.00519599 0.0116093 0.00871416 0.00962208 0.0118862 0.00234163 0.00658152 0.00750811 0.00417704 0.00353654 0.0130046 0.00874565 0.00606347 0.0108064 0.00751458 0.0123607 0.00462529 0.0101444 0.00955374 0.0154181 0.0119348 0.0054816 0.00986534 0.0165466 0.00784176 0.00745789 0.0171599 0.00655964 0.00893491 0.0156301 0.00980915 0.0048357 0.0117772 0.00758691 0.00991541 0.0148595 0.00441947 0.00768016 0.0131849 0.00902385 0.013487 0.00972298 0.0103914 0.0116932 0.00835583 0.0139275 0.0139805 0.0100909 0.0108829 0.00780303 0.00841611 0.00823953 0.0074504 0.00946596 0.0114764 0.00365762 0.0107824 0.00300252 0.00414717 0.0152658 0.0113531 0.00739742 0.0114511 0.0120695 0.0187248 0.0137786 0.0116243 0.00728954 0.0120034 0.0110894 0.00988831 0.00568284 0.00737621 0.00641167 0.00458644 0.00844728 0.0131122 0.00940474 0.0124885 0.00348341 0.00346242 0.0168095 0.007345 0.00728591 0.00873516 0.00847942 
0.00793546 0.0104074 0.00600903 0.00737293 0.00666948 0.0104313 0.00959589 0.00414365 0.0135701 0.00262071 0.0124494 0.0140676 0.00730921 0.015563 0.00924658 0.0133008 0.0141364 0.00752627 0.0108114 0.0107475 0.0158114 0.00597182 0.0144473 0.0167378 0.00642729 0.00872829 0.0131381 0.00873155 0.0116557 0.00989408 0.0160347 0.00998083 0.00612149 0.0181091 0.0131781 0.00967888 0.0126413 0.0162196 0.00472935 0.016188 0.0123454 0.00800521 0.0143223 0.0050129 0.0134441 0.00878631 0.0169991 0.0151836 0.0193498 0.0159888 0.0164141 0.00626856 0.0118428 0.0106943 0.0150086 0.00707201 0.00784818 0.00949447 0.0127867 0.0115549 0.0136023 0.0136719 0.00739484 0.0115058 0.0162777 0.00867093 0.0142136 0.00656957 0.011082 0.0115592 0.0128201 0.012724 0.0140793 0.0129187 0.0120792 0.0223926 0.006566 0.00803027 0.00714185 0.0109752 0.0143174 0.0117672 0.00928707 0.0115191 0.0160167 0.00932713 0.00549523 0.00641048 0.0060025 0.00899191 0.0105896 0.0103547 0.0105194 0.0130092 0.00373183 0.0104501 0.00648372 0.0123374 0.00532815 0.0120877 
0.0101342 0.00878157 0.0105245 0.0127049 0.00592257 0.0152697 0.0176416 0.0161699 0.0145285 0.00879966 0.0107155 0.0166648 0.0131292 0.010088 0.0126971 0.010039 0.0105677 0.00559695 0.010987 0.00973332 0.00781643 0.0148616 0.00690062 0.0170906 0.00807711 0.0105479 0.01406 0.0158228 0.0087769 0.0116935 0.0149933 0.00893071 0.0153113 0.0111412 0.0133572 0.0191775 0.0183338 0.00823025 0.0130733 0.0138539 0.00687039 0.00971866 0.0117461 0.0173692 0.00774259 0.0107467 0.0131589 0.00661478 0.00457945 0.0140294 0.0127295 0.015306 0.0123204 0.014491 0.00990359 0.00929511 0.0113727 0.0130419 0.00764039 0.0103017 0.0115291 0.00677286 0.0206068 0.0131977 0.0175934 0.00866696 0.0217427 0.0175674 0.00897419 0.0124683 0.0162031 0.0120246 0.0159963 0.0156133 0.010307 0.0199431 0.0196874 0.0109845 0.00461627 0.00914293 0.0125324 0.00678549 0.0118871 0.0115501 0.0111456 0.0104358 0.0136949 0.0080152 0.00894463 0.0136432 0.0122183 0.00948407 0.00587893 0.0131229 0.00573683 0.0120188 0.0103551 0.015488 0.00689679 0.00732589 
0.0105306 0.00818034 0.00880531 0.0132835 0.0131437 0.00753116 0.0180468 0.0162182 0.0102096 0.0159035 0.0127362 0.0072974 0.0122368 0.017098 0.0131041 0.0133097 0.0126545 0.013755 0.00805767 0.0126056 0.00706016 0.0115548 0.00852331 0.019972 0.0114921 0.00660565 0.00725385 0.0141584 0.0110866 0.00782238 0.0114647 0.0104486 0.00811419 0.0157733 0.00832928 0.0146316 0.00840148 0.00579739 0.0121951 0.00689252 0.0137289 0.0129956 0.0127087 0.0134555 0.0200285 0.0195306 0.0125975 0.0179639 0.00931915 0.0108291 0.0130326 0.011008 0.0136523 0.0102005 0.00997255 0.0153194 0.0140172 0.00824662 0.00946888 0.00904455 0.00967642 0.00341634 0.0201184 0.0056167 0.0189878 0.00969706 0.00856396 0.010233 0.0126931 0.0138682 0.0110223 0.0142999 0.0153967 0.0119878 0.00732955 0.00798693 0.0157651 0.0196727 0.00255887 0.00962729 0.021826 0.0101569 0.00583077 0.0218536 0.0149416 0.0128563 0.0109271 0.0117403 0.0109743 0.0121001 0.00647602 0.00804537 0.0131719 0.00264106 0.00800244 0.0115695 0.00242518 0.00715516 0.00704654 0.00285879 
0.00524531 0.00919484 0.00763252 0.0118901 0.0109408 0.0111875 0.0170907 0.00754138 0.00914425 0.0139217 0.00439421 0.00170461 0.0166407 0.0152938 0.00960119 0.00734157 0.0076089 0.0176816 0.0136013 0.0110176 0.0110213 0.0150016 0.0181833 0.00714869 0.0215843 0.0166954 0.0193613 0.00533361 0.00786044 0.0134261 0.0166399 0.0130707 0.0212085 0.0171092 0.013081 0.00997168 0.0102374 0.0133899 0.00875715 0.00700766 0.00969664 0.0167766 0.0137456 0.0110528 0.0228189 0.0124728 0.00636051 0.0117564 0.0128424 0.0127847 0.0165399 0.0146078 0.0106534 0.00869372 0.0134421 0.0145633 0.00892881 0.00829234 0.0140691 0.00801299 0.0113763 0.0220398 0.0112 0.012396 0.0216337 0.0118046 0.0199742 0.0210393 0.00775741 0.0131383 0.014189 0.0162533 0.00702155 0.0185706 0.0169386 0.0121697 0.0128306 0.0149795 0.00933425 0.0119083 0.00958432 0.0129453 0.0181112 0.0053822 0.0152244 0.0152739 0.00483069 0.0124284 0.00879121 0.010528 0.0157727 0.00718257 0.0132495 0.00437162 0.00997247 0.00775547 0.00952503 0.00278848 0.0100268 0.00961944 
0.0114078 0.00392798 0.0153104 0.00704561 0.00919824 0.00648642 0.0076622 0.0122267 0.0157242 0.00772376 0.0092973 0.0151628 0.00916087 0.0106373 0.0146736 0.0106275 0.0127035 0.016945 0.0093264 0.0142376 0.0151691 0.00972756 0.00557848 0.00831238 0.0137797 0.00761741 0.0200522 0.0137555 0.0128203 0.0123843 0.00688562 0.0141513 0.0101944 0.0137985 0.0146744 0.015097 0.0105079 0.0187487 0.0104804 0.0132958 0.0129449 0.0161537 0.00613525 0.0136982 0.0160355 0.02104 0.00508422 0.0134078 0.0185019 0.00552192 0.0201118 0.00800924 0.0113311 0.00909547 0.0168839 0.0141503 0.0159608 0.0139417 0.0114524 0.012424 0.0163404 0.00675178 0.0151812 0.0200362 0.0120319 0.0105395 0.0137255 0.0150272 0.0136269 0.014716 0.0130201 0.0178826 0.0110539 0.0129495 0.0122768 0.00390324 0.0204535 0.0109004 0.0106288 0.0110889 0.0159013 0.0156369 0.00763385 0.0132368 0.00829525 0.0137631 0.00803678 0.00771234 0.0105367 0.0187534 0.01718 0.0107073 0.0116841 0.00917485 0.0120002 0.00958923 0.0112327 0.0170798 0.00866153 0.00850055 
0.00976559 0.0103993 0.0122588 0.0103969 0.0115527 0.0115041 0.0110723 0.00969841 0.00497267 0.0144503 0.00772401 0.00886803 0.0153929 0.0161438 0.0186664 0.00719881 0.0129325 0.0164283 0.0145803 0.0171751 0.0116396 0.0135761 0.0188948 0.0105576 0.0131461 0.0231924 0.010508 0.017864 0.0130889 0.0188283 0.0183119 0.0107035 0.0178898 0.0201688 0.0167241 0.0144669 0.0152803 0.0140001 0.0183686 0.0191244 0.0123564 0.0143807 0.0233619 0.01469 0.0122108 0.018763 0.0119047 0.0169463 0.0191356 0.0181505 0.0104086 0.012035 0.0106134 0.0147917 0.00595634 0.0161584 0.02328 0.018503 0.0168637 0.020912 0.0171275 0.00688337 0.0123067 0.00787559 0.0162627 0.0112942 0.0101861 0.0107243 0.0134816 0.0138359 0.0227651 0.0139245 0.0157427 0.0238615 0.0109391 0.0178409 0.0168491 0.0112043 0.0121906 0.0241302 0.00804502 0.0108043 0.00851503 0.013793 0.0139388 0.0113542 0.0159546 0.0112323 0.0171951 0.019827 0.00807309 0.0115703 0.00398432 0.00644611 0.00942196 0.00662174 0.0137214 0.0139196 0.00940574 0.0109517 
0.0018469 0.00800693 0.0101192 0.00977261 0.0114146 0.0145795 0.00575008 0.0182635 0.0179476 0.0168627 0.0109654 0.0189094 0.0136732 0.0126298 0.00341625 0.0158984 0.0190112 0.0131656 0.017178 0.0166452 0.0152375 0.0126932 0.0145849 0.0132573 0.0175238 0.0183535 0.0195076 0.015063 0.0164331 0.0199017 0.0241586 0.0182543 0.0130922 0.0172635 0.013173 0.0139181 0.00659432 0.00920104 0.0187876 0.0117814 0.0127135 0.00639218 0.0163353 0.017549 0.0142786 0.0139248 0.0145483 0.01623 0.0121699 0.0146736 0.0218118 0.0179864 0.0167111 0.0254385 0.0102066 0.0130533 0.0139758 0.01418 0.0191741 0.00843589 0.0179325 0.0151049 0.023515 0.0141754 0.0129127 0.0104338 0.020502 0.0126741 0.0156744 0.0154096 0.0159782 0.00823804 0.0161896 0.0167698 0.0105171 0.0193205 0.0162119 0.0170303 0.0113783 0.01801 0.0135765 0.0135229 0.0165047 0.0187878 0.00965615 0.00660186 0.00885687 0.00893215 0.017426 0.0129704 0.0087661 0.0196208 0.00999981 0.00794099 0.0095725 0.0121891 0.0121017 0.00981459 0.00850889 0.00543091 
0.00381363 0.0104926 0.00820579 0.0126512 0.0102403 0.00996566 0.0071937 0.0140864 0.0073103 0.0116958 0.0102733 0.0165635 0.0140991 0.0123594 0.00894551 0.0100443 0.015018 0.0128079 0.0228952 0.0166185 0.0154889 0.0137724 0.016813 0.0192227 0.016726 0.0169656 0.0154136 0.00927648 0.0134513 0.0177278 0.0105954 0.0170046 0.012854 0.00956344 0.0146407 0.019353 0.0166535 0.0132387 0.0254226 0.00743391 0.0230539 0.0116367 0.0216245 0.0148056 0.0164774 0.0148196 0.0136749 0.00891886 0.0156817 0.00799009 0.0138512 0.00968488 0.0152642 0.0219809 0.0158865 0.0234818 0.015125 0.0146478 0.0119981 0.0169464 0.00443316 0.014247 0.0226656 0.01591 0.018118 0.0133345 0.014313 0.0109079 0.0102454 0.0117731 0.0190091 0.0133737 0.0198529 0.0218227 0.009209 0.0159288 0.00982364 0.00948821 0.0178627 0.0122156 0.0190209 0.0136119 0.00922778 0.00663855 0.0188068 0.0114106 0.018068 0.0169762 0.0093429 0.00754838 0.0116507 0.01815 0.0130828 0.0142273 0.0139956 0.00915359 0.0104994 0.0119955 0.0100573 0.00174863 
0.0145462 0.0109477 0.00576334 0.0109459 0.0104672 0.0123741 0.0186949 0.00791327 0.00967557 0.00696817 0.0230093 0.0172254 0.0104506 0.0201946 0.013635 0.0127328 0.012398 0.011088 0.00879949 0.012692 0.0130067 0.0155041 0.00997052 0.0184131 0.016103 0.0086178 0.0121197 0.0244397 0.0204038 0.00696278 0.00794852 0.0178351 0.0148067 0.0203085 0.0203952 0.0144063 0.0201714 0.0189891 0.020112 0.0154995 0.0181494 0.0137367 0.0171221 0.0204123 0.0166852 0.0134297 0.015769 0.0234045 0.0106631 0.0221437 0.0171846 0.0221981 0.0290007 0.018417 0.0187766 0.0227962 0.0113546 0.0177291 0.0161915 0.0139411 0.0135719 0.0244294 0.00797265 0.0222772 0.0131197 0.0157643 0.0164938 0.0155495 0.0121491 0.0106298 0.0194123 0.0142429 0.00688395 0.0175496 0.0142706 0.0192919 0.00775488 0.0236904 0.012582 0.0180492 0.0152786 0.0147367 0.0170284 0.0210224 0.0153081 0.0208665 0.0171012 0.0225874 0.0244484 0.0116073 0.0131798 0.0139707 0.0134293 0.0157888 0.00801844 0.0186208 0.0164899 0.01249 0.00967471 0.0168677 
0.00645674 0.0154586 0.0178049 0.0136335 0.00685238 0.01764 0.0132975 0.0128847 0.0169892 0.010041 0.0107662 0.0150971 0.0187894 0.0147324 0.00652103 0.0118312 0.0107194 0.0151766 0.0193314 0.012465 0.0252036 0.0126816 0.0151752 0.00831368 0.017762 0.0193742 0.0162799 0.0191246 0.0132394 0.0171916 0.0146781 0.0114316 0.0190231 0.0152998 0.0173501 0.0273199 0.0162642 0.0151605 0.0117787 0.0178427 0.0121291 0.0208676 0.0194496 0.013526 0.0158746 0.0165022 0.0144702 0.0111255 0.0236623 0.0138037 0.0151745 0.0213777 0.0207509 0.0217118 0.00921973 0.0174485 0.0128157 0.0141661 0.0182828 0.0122723 0.0210917 0.0195249 0.0156279 0.0180548 0.0153744 0.0173528 0.0191029 0.013206 0.00527764 0.0207564 0.0223767 0.0194089 0.0133442 0.0157727 0.0116681 0.0140137 0.0152098 0.0156936 0.0197278 0.0120559 0.0155902 0.0130122 0.0138187 0.0174717 0.00954673 0.0171886 0.0229134 0.0117193 0.0126684 0.0166572 0.0142342 0.0126166 0.0126656 0.0179111 0.0138257 0.0125356 0.024755 0.00885109 0.0116342 0.0103589 
0.00834722 0.0135117 0.0218413 0.0127826 0.00673891 0.0173668 0.0117542 0.0138514 0.018357 0.0158516 0.0203188 0.00663859 0.00698948 0.0140263 0.0187967 0.00965699 0.00893489 0.0174138 0.0109671 0.0154414 0.0197382 0.0141569 0.0129585 0.0125102 0.0149406 0.0162615 0.0110454 0.0177989 0.0148345 0.0129889 0.0152139 0.0125399 0.0209668 0.0229945 0.0127534 0.0154328 0.0220238 0.0164712 0.0150601 0.0191405 0.0169992 0.0259592 0.021992 0.0158149 0.0142967 0.024913 0.0195111 0.0196915 0.0241902 0.0212865 0.0182568 0.0164551 0.0176945 0.025393 0.0176527 0.0169038 0.0135768 0.018293 0.0158038 0.0127595 0.0178269 0.0191853 0.0125019 0.0277539 0.0194365 0.0130833 0.0144708 0.0185389 0.0150711 0.0281404 0.0129418 0.021187 0.024962 0.0195802 0.016981 0.0128848 0.0132534 0.0146287 0.0159602 0.0250363 0.0165359 0.01275 0.0156676 0.0164514 0.0051774 0.0190127 0.00923506 0.0091239 0.0159443 0.0166457 0.0197582 0.0141456 0.010575 0.013754 0.0120089 0.0117066 0.0176555 0.00925581 0.0145317 0.00805094 
0.0119933 0.0112322 0.0102388 0.00664418 0.00775607 0.0136535 0.0240897 0.013862 0.0111588 0.010971 0.0116475 0.016677 0.0203937 0.0150653 0.0145187 0.0143007 0.0129409 0.0149012 0.0180095 0.00550877 0.0172072 0.0172029 0.0134601 0.0164693 0.0222968 0.0101234 0.012106 0.0277749 0.0186832 0.0221126 0.0253511 0.018717 0.0136757 0.0244197 0.0164035 0.016793 0.0149559 0.0219496 0.0204626 0.0166024 0.0228501 0.0212878 0.0170375 0.0203194 0.0226797 0.020528 0.0201742 0.0171428 0.0162314 0.0194925 0.0226135 0.0160675 0.0143836 0.0130649 0.0192396 0.0133118 0.0170044 0.019121 0.0165757 0.019111 0.030875 0.0131035 0.01765 0.0117813 0.0216684 0.0132054 0.0258224 0.0130163 0.0185074 0.010296 0.0137102 0.0204565 0.01389 0.0162805 0.0174884 0.0107645 0.0106557 0.0176136 0.0203564 0.0156202 0.0145407 0.0165177 0.00992732 0.0195394 0.0145381 0.0116568 0.0142708 0.0136778 0.00571903 0.010249 0.0113567 0.0149932 0.017297 0.0144391 0.0131989 0.0101812 0.012036 0.00689295 0.00406726 0.00865759 
0.0132118 0.0138257 0.019091 0.00946776 0.0186171 0.0145085 0.0153126 0.0136599 0.0144071 0.0171916 0.0217899 0.012009 0.0146535 0.0189972 0.0110786 0.0210839 0.0217564 0.0224877 0.0214108 0.0158397 0.0216082 0.0120508 0.00912516 0.0156206 0.0231108 0.0176525 0.0220079 0.0270215 0.0142908 0.0123413 0.0198114 0.0255562 0.0180383 0.0162818 0.0244972 0.0157415 0.0346165 0.00962781 0.0196887 0.0119083 0.0126047 0.02649 0.0169967 0.0133765 0.021054 0.0132566 0.022801 0.0230589 0.0297038 0.0154459 0.0249823 0.0150151 0.0142963 0.0254681 0.0224104 0.0250421 0.00974748 0.0185271 0.0219495 0.0233951 0.0219701 0.0190361 0.0105835 0.00934202 0.0128763 0.0269225 0.0194885 0.0174606 0.0219333 0.0230884 0.0182385 0.00901536 0.0177605 0.0112734 0.0194715 0.0208028 0.0212445 0.0207719 0.0166273 0.0244343 0.0113763 0.0173638 0.0190727 0.0177135 0.0143543 0.0152088 0.00886426 0.0169234 0.00956898 0.0198466 0.021693 0.0184484 0.0166244 0.0131949 0.0165467 0.00969145 0.0141314 0.0186889 0.00904213 0.00809441 
0.0146836 0.0140855 0.0124214 0.00966706 0.0178196 0.0163698 0.00862035 0.014586 0.0106072 0.0179365 0.0109568 0.0202318 0.0199752 0.0286538 0.0172854 0.0122451 0.0199264 0.0155453 0.0158328 0.0187613 0.0259413 0.0221835 0.027233 0.02039 0.0165582 0.014984 0.019444 0.0191575 0.0198138 0.0248661 0.0180374 0.0125949 0.0183998 0.0219039 0.0166148 0.0166153 0.0193318 0.0225929 0.0259694 0.0234989 0.0239279 0.0166038 0.0255811 0.0184049 0.0275455 0.0300654 0.0214588 0.0212736 0.0255511 0.0176304 0.0193049 0.0172312 0.0145953 0.0225439 0.0197433 0.0180167 0.0280295 0.0190444 0.0214936 0.0227057 0.0181384 0.0167073 0.0267642 0.0188486 0.0162215 0.018014 0.0214603 0.0237716 0.028153 0.0149296 0.0215615 0.0228479 0.0229957 0.0270704 0.0294205 0.0174203 0.0154085 0.0100933 0.0238464 0.0149966 0.0190483 0.0243629 0.0212151 0.0126646 0.0149589 0.0262548 0.0217972 0.0189989 0.0186535 0.0168232 0.0189386 0.0237645 0.0112994 0.0159498 0.0221482 0.00589816 0.017241 0.00430319 0.00915287 0.0122806 
0.00734727 0.0193027 0.0066271 0.0207274 0.0142592 0.0229219 0.0169339 0.0140625 0.0101508 0.0226713 0.0123617 0.0167977 0.019287 0.0163042 0.0156812 0.0180952 0.0184894 0.0255901 0.0121437 0.0184554 0.0132173 0.0185549 0.0214618 0.0267403 0.0126401 0.0276749 0.01946 0.0240143 0.0195162 0.0289985 0.0191207 0.011363 0.0240722 0.0246499 0.0177991 0.020879 0.0249731 0.0250477 0.0240418 0.0115532 0.0224869 0.0170764 0.0209753 0.0360766 0.0194661 0.0290345 0.0158263 0.019843 0.0299727 0.0253756 0.00981078 0.0204913 0.0256735 0.0203102 0.0152402 0.0279653 0.0277493 0.0280679 0.0252556 0.0223344 0.0186859 0.0214504 0.0206666 0.0265131 0.0262737 0.021557 0.0265817 0.0229684 0.0143793 0.0239907 0.0281097 0.0210454 0.0162423 0.021657 0.0158218 0.0192126 0.0199228 0.018978 0.0216059 0.017459 0.0179355 0.0207457 0.0211625 0.0169109 0.0149598 0.0195148 0.0167559 0.0170924 0.0160577 0.00884516 0.0169995 0.0200826 0.0231882 0.0247383 0.0179417 0.0236956 0.01174 0.00941784 0.0114969 0.00601658 
0.0176669 0.0101601 0.0151154 0.0127393 0.0200245 0.0150665 0.0223838 0.0132717 0.0144278 0.0113037 0.0182052 0.0196888 0.0174094 0.0292255 0.00845406 0.0168251 0.0193798 0.0214268 0.0123217 0.0162797 0.0191829 0.0370641 0.020119 0.0249033 0.0291865 0.0142273 0.0230024 0.0133829 0.0159095 0.0245785 0.0283237 0.0184254 0.0271913 0.0254507 0.0214129 0.0212294 0.022004 0.0238408 0.0298536 0.028832 0.0171512 0.0208047 0.0220443 0.0122601 0.0217073 0.0177945 0.0222404 0.0225296 0.0134611 0.0226734 0.0208388 0.0257767 0.0223929 0.0295472 0.0197428 0.0212812 0.0190323 0.0341903 0.0278853 0.0255448 0.0210143 0.020734 0.0298513 0.0173487 0.0288535 0.0152457 0.0218224 0.015123 0.0216552 0.0191365 0.0268558 0.0164031 0.0218976 0.0134394 0.0276404 0.0199635 0.0244841 0.0239566 0.00997474 0.0188826 0.0162993 0.0232203 0.0216938 0.012187 0.0227381 0.0242639 0.0198951 0.0145676 0.0236196 0.0166453 0.0141874 0.0231873 0.0246673 0.0130902 0.0190884 0.0124618 0.0130047 0.00991037 0.0158253 0.0127544 
0.0129181 0.0134431 0.0111618 0.0146429 0.00956113 0.0109432 0.0216284 0.00764479 0.018468 0.0185187 0.021237 0.0163695 0.0252034 0.0274432 0.0143523 0.0201116 0.0193311 0.0246487 0.0244512 0.0269553 0.0163724 0.0166632 0.0235066 0.0103678 0.0206596 0.0209358 0.0214201 0.0220345 0.0172264 0.0306468 0.0272056 0.0216791 0.0183625 0.0308449 0.0208238 0.0196607 0.0262281 0.0116056 0.0284445 0.0231099 0.0183492 0.0346849 0.0267687 0.0260681 0.0184697 0.0246674 0.0216375 0.0224853 0.0287702 0.0289613 0.0113349 0.0246483 0.0209717 0.0222712 0.0173677 0.0249423 0.0174056 0.0210915 0.0217303 0.0198139 0.0235246 0.0201379 0.0176844 0.0238512 0.0240934 0.0186745 0.0213701 0.0158288 0.0302493 0.0343872 0.0204452 0.0153219 0.0260525 0.0286204 0.0279144 0.0236264 0.0176586 0.02126 0.0195202 0.0244442 0.0195912 0.0281643 0.027559 0.0305721 0.0125705 0.02039 0.0204664 0.0247391 0.0190601 0.0279741 0.010354 0.0217459 0.0200337 0.0261684 0.0187993 0.0079032 0.0159463 0.0180927 0.00994182 0.00959752 
0.0190287 0.013411 0.00912385 0.0120031 0.0135779 0.0161724 0.0164581 0.0155316 0.0203895 0.0137041 0.0132676 0.0186829 0.019033 0.0185409 0.0132552 0.0111478 0.0158875 0.0144285 0.0283297 0.0121389 0.0150892 0.0253893 0.0283002 0.0180141 0.0185744 0.0241377 0.0202862 0.0204168 0.0254512 0.0305471 0.0343303 0.0335137 0.0261778 0.0186068 0.0195768 0.0270176 0.0250244 0.0360648 0.023512 0.0206395 0.00967545 0.034837 0.0417373 0.0198023 0.0244833 0.0289347 0.0231422 0.035035 0.0239339 0.0252782 0.0265008 0.0301204 0.0309966 0.0210368 0.0276114 0.0266067 0.0260492 0.0199342 0.0210825 0.0245697 0.0260588 0.0267642 0.0248786 0.0187555 0.0295256 0.0195006 0.0234157 0.0265094 0.0307696 0.0213206 0.017317 0.0245862 0.0183093 0.0243686 0.0267358 0.0204528 0.0328288 0.0198126 0.028642 0.0154509 0.0135154 0.0162449 0.0181518 0.0142357 0.022895 0.0234383 0.0315232 0.0180158 0.00943514 0.0215524 0.018597 0.0262654 0.019634 0.0201714 0.0172007 0.0183134 0.0145079 0.00931306 0.0185315 0.00613358 
0.0167186 0.00986543 0.0177911 0.00976971 0.0176124 0.0175831 0.0126983 0.0150637 0.0200799 0.0110432 0.0146669 0.0198836 0.0292113 0.0265433 0.0178402 0.0251594 0.0178221 0.010846 0.0188982 0.0207935 0.0193264 0.0129324 0.0178303 0.0132362 0.0257485 0.0217416 0.0235524 0.0243053 0.0206809 0.0267842 0.0184747 0.0196217 0.031842 0.0171934 0.0237455 0.0299213 0.024419 0.0185055 0.0229913 0.0272679 0.0237267 0.0241368 0.020491 0.0186264 0.0285276 0.0300331 0.0230445 0.0293954 0.0255931 0.023936 0.0223517 0.0257856 0.0179098 0.0194321 0.0280885 0.0361343 0.0155884 0.0257771 0.0193256 0.0240926 0.0284545 0.0220437 0.0208265 0.0251458 0.0331948 0.0256782 0.0195698 0.0273039 0.0203224 0.0297681 0.0264841 0.0246885 0.027025 0.0249935 0.0273801 0.0180695 0.025105 0.0289215 0.0300768 0.023568 0.0203827 0.0163856 0.0168054 0.0153196 0.0227872 0.0166207 0.0202226 0.0218613 0.0231834 0.0221989 0.0239219 0.0176307 0.00845868 0.00883643 0.0048095 0.0185112 0.0153372 0.0153219 0.00970775 0.0141663 
0.0117957 0.0132065 0.011874 0.0178752 0.0128083 0.023295 0.0129476 0.0158676 0.024733 0.0185315 0.0157879 0.0271478 0.0219181 0.0155628 0.02308 0.0199106 0.0214108 0.0298451 0.016242 0.0125813 0.0259912 0.0245585 0.0316453 0.0181206 0.0311892 0.0383503 0.0360249 0.0220865 0.0262115 0.0267837 0.012635 0.0248009 0.0184693 0.0176788 0.0276323 0.0184114 0.0359466 0.0215432 0.0201141 0.0243501 0.0263043 0.0275699 0.0191569 0.0224321 0.0324729 0.0191511 0.0244526 0.0193372 0.0342891 0.0265936 0.0260332 0.0192722 0.0258321 0.0209665 0.0249895 0.0279111 0.0251745 0.0340483 0.0267732 0.0355377 0.0273547 0.0216008 0.0203335 0.0229042 0.0283275 0.0336678 0.0285402 0.0216587 0.0227962 0.0337523 0.0226845 0.0252655 0.0291605 0.0280251 0.0217376 0.0206896 0.0164789 0.0215764 0.0294957 0.022506 0.0201228 0.026615 0.0146409 0.0158328 0.0190255 0.0216024 0.0186792 0.0188013 0.0239681 0.0185486 0.0222046 0.0242942 0.0208442 0.0226314 0.0230578 0.0193162 0.0151094 0.0169753 0.0202355 0.013931 
0.015212 0.0239845 0.0189729 0.0228851 0.0217527 0.0174064 0.0244997 0.020351 0.0232926 0.0216928 0.0220889 0.0253458 0.0281004 0.0185807 0.0231544 0.0192723 0.023697 0.0157658 0.0284243 0.0304698 0.0237752 0.0279218 0.0305271 0.0259217 0.0169362 0.0211233 0.0280369 0.0234909 0.0190601 0.02269 0.0312957 0.0239002 0.020952 0.032464 0.0240251 0.0271882 0.0214932 0.0321827 0.0244524 0.0141605 0.0278976 0.0280297 0.02099 0.0175217 0.0313383 0.0226059 0.0337805 0.0223727 0.0158561 0.0266833 0.0293958 0.0303264 0.0344566 0.0167475 0.0248763 0.0306139 0.0250284 0.0204021 0.0211413 0.0231596 0.0377853 0.0270817 0.0281574 0.0210478 0.0238312 0.0268668 0.0201245 0.0259903 0.0328318 0.0279914 0.0308278 0.0239941 0.0363491 0.024679 0.0355067 0.0202665 0.0278245 0.0194411 0.0266059 0.0317507 0.0217551 0.0212587 0.027912 0.0313846 0.022531 0.0169425 0.013493 0.0240839 0.0242835 0.0289657 0.0199053 0.0319181 0.0117833 0.0255135 0.0191066 0.013604 0.0154174 0.0258916 0.0170159 0.0165128 
0.0215838 0.0195787 0.0166327 0.0155562 0.0150727 0.0163862 0.0133467 0.0259668 0.0223938 0.0253779 0.0267532 0.0146081 0.0197734 0.0289794 0.0248967 0.0185605 0.0201822 0.0241415 0.0256494 0.0261103 0.0324381 0.0295249 0.0303017 0.0180273 0.032132 0.0165556 0.0217823 0.0345605 0.0219599 0.0232572 0.0284129 0.0349848 0.0351484 0.036563 0.0253133 0.0204187 0.0311517 0.0471591 0.024774 0.0260939 0.0322249 0.0256356 0.0276301 0.0271522 0.0376309 0.0349471 0.0283598 0.0236472 0.0202611 0.0336613 0.0246517 0.0269968 0.0284743 0.0318456 0.0262587 0.0362459 0.0226655 0.0301087 0.0347434 0.0243081 0.025726 0.0227426 0.0171899 0.0193639 0.0289162 0.0363533 0.0430967 0.0307763 0.0262839 0.0227171 0.0239997 0.0239981 0.0245539 0.025516 0.021974 0.0316003 0.0177034 0.0155922 0.0175384 0.0401594 0.0207771 0.0195656 0.0200409 0.0304107 0.0251987 0.0325728 0.0311777 0.0293566 0.019653 0.0304413 0.0235952 0.0239718 0.0212987 0.0143096 0.0193309 0.0213651 0.0163832 0.0199854 0.0144715 0.01629 
0.0263789 0.0186499 0.0207711 0.0185264 0.0227245 0.0228569 0.0252209 0.0163532 0.013688 0.0134749 0.0254737 0.0215028 0.0223443 0.0285 0.0281646 0.0196612 0.0240053 0.0203221 0.0199513 0.0298106 0.0463986 0.0284943 0.0303741 0.0422073 0.0299036 0.0217289 0.0268545 0.0324178 0.0416809 0.022426 0.0238865 0.0268797 0.0266908 0.0389922 0.0229599 0.0246695 0.0285193 0.0210043 0.0278686 0.0322803 0.0303248 0.0225543 0.0316498 0.0282806 0.0266197 0.0354258 0.0351678 0.0265967 0.0261744 0.0308323 0.0274214 0.036501 0.016851 0.0323599 0.0200222 0.0203126 0.0427614 0.0244386 0.0339839 0.0330357 0.0247641 0.0277972 0.0209193 0.0357655 0.0207605 0.0351319 0.0475236 0.0321412 0.0251091 0.0413753 0.0252028 0.0231311 0.0367371 0.0243952 0.0243648 0.0201114 0.0202943 0.0350044 0.0292601 0.0230021 0.0185517 0.0244565 0.0217486 0.0243375 0.0254207 0.0215223 0.0230747 0.0296472 0.0237908 0.0128951 0.0234722 0.0277144 0.0155961 0.0190705 0.0187652 0.0144148 0.0189853 0.0114713 0.00868924 0.00638801 
0.0268695 0.0154136 0.0250181 0.0258716 0.0123054 0.0114775 0.0199342 0.0137615 0.0247167 0.0232492 0.0170578 0.0280694 0.0252927 0.0214826 0.0239947 0.0229955 0.0299903 0.0320869 0.0237697 0.0167259 0.0386098 0.0243133 0.0296141 0.0227359 0.0391704 0.0282354 0.0365988 0.0264378 0.0341268 0.0312006 0.0316363 0.0324211 0.0275889 0.0339335 0.0300044 0.0348419 0.0295938 0.0360789 0.0291022 0.024988 0.0296724 0.0213895 0.0348293 0.040101 0.0336329 0.0116797 0.0370025 0.032058 0.0323509 0.0321984 0.0254449 0.0300095 0.030753 0.0173458 0.0366815 0.0261122 0.0280292 0.0167566 0.0303079 0.0214419 0.0344164 0.0383695 0.0293953 0.0316233 0.0261814 0.0322011 0.0353635 0.0278139 0.0246655 0.0279294 0.034485 0.0273352 0.0352331 0.0146304 0.0281573 0.0326733 0.028591 0.0278011 0.0236894 0.0210683 0.0239223 0.0287386 0.0251417 0.0295221 0.0179619 0.0223415 0.0295697 0.0370998 0.0256486 0.0260321 0.0171102 0.0199211 0.0221866 0.0187076 0.0186732 0.0191066 0.0186775 0.0225845 0.0151157 0.0221231 
0.0227769 0.0141895 0.0138094 0.0184735 0.027334 0.0323302 0.0207788 0.0165698 0.0209021 0.0299681 0.0217482 0.0260247 0.0357523 0.0329758 0.041944 0.0212541 0.0215094 0.025805 0.0232534 0.0151128 0.0209234 0.0362969 0.0259748 0.0335182 0.027655 0.0332007 0.0312017 0.0246718 0.0291654 0.0252464 0.0345518 0.0320332 0.0196686 0.0348877 0.0336561 0.0321074 0.0367434 0.0322441 0.0263989 0.0284402 0.0377921 0.0342873 0.0269972 0.0377138 0.0385985 0.0260987 0.0282253 0.0194669 0.04391 0.0293367 0.0334541 0.0235503 0.0358346 0.0148226 0.0332011 0.0384259 0.022382 0.0358974 0.0382027 0.0439403 0.0285631 0.0340216 0.0291538 0.0309439 0.0294485 0.0285253 0.0269821 0.0429994 0.0275449 0.0311724 0.0220996 0.0265554 0.026804 0.0242254 0.0303405 0.0326454 0.0248901 0.030071 0.0275766 0.0212053 0.0330512 0.0271114 0.0220411 0.0274789 0.0239504 0.0267883 0.0360274 0.0250998 0.0235212 0.0249762 0.0147702 0.0233879 0.0245211 0.019834 0.0215049 0.0261779 0.0048221 0.0127283 0.016844 0.0132771 
0.017742 0.0245178 0.0128979 0.0131769 0.0362585 0.028234 0.0232732 0.0266026 0.0225405 0.0206806 0.0150759 0.0316817 0.022079 0.0265033 0.0196124 0.0215039 0.0286273 0.0357165 0.0253073 0.0265907 0.0321491 0.0271849 0.0280841 0.0411183 0.0271109 0.0213093 0.0395268 0.0326395 0.0291062 0.0261624 0.0404404 0.0388897 0.0284554 0.0303683 0.0300002 0.0255252 0.0418493 0.0423623 0.0335759 0.031955 0.0223807 0.0292229 0.0345456 0.0382289 0.0427348 0.0278821 0.0308627 0.0376994 0.0324777 0.0302489 0.0387548 0.0285157 0.0395126 0.0336715 0.0465084 0.0378975 0.04899 0.028395 0.0324743 0.0275693 0.0368436 0.0301888 0.0293478 0.0320886 0.0317263 0.0316021 0.0353747 0.0248091 0.0280141 0.0483722 0.0327587 0.0388905 0.0272845 0.0287145 0.0254647 0.025338 0.0177892 0.0324375 0.03203 0.022107 0.0357213 0.0266665 0.0198078 0.0263107 0.0381543 0.0282534 0.0266743 0.0294679 0.028042 0.0306005 0.0173088 0.0319469 0.0202732 0.013403 0.0240776 0.0258688 0.0160497 0.0345477 0.0250286 0.0097831 
0.0108967 0.0200414 0.0232532 0.0301326 0.0317938 0.0274533 0.0188146 0.0197555 0.0288419 0.02214 0.0272986 0.016979 0.028897 0.0291472 0.019516 0.0278819 0.0393615 0.0301797 0.0335102 0.0320175 0.0358939 0.0382497 0.0302638 0.0351116 0.0378425 0.029889 0.0204437 0.0327957 0.0333888 0.0268651 0.0281402 0.0328929 0.0369526 0.0256371 0.0394365 0.022748 0.0254505 0.0346974 0.025427 0.0239199 0.0270723 0.0331425 0.0515933 0.0374394 0.044065 0.0344752 0.0270907 0.0313113 0.0339219 0.0272086 0.0333715 0.0457801 0.0230302 0.0395879 0.0423041 0.0277229 0.0314179 0.0392723 0.0444078 0.0431296 0.0373738 0.0327543 0.0318481 0.0318848 0.0349174 0.0344587 0.0245935 0.0303063 0.0229004 0.034323 0.0352032 0.0347839 0.0181338 0.0322903 0.0399418 0.0328205 0.0297645 0.0341622 0.0235525 0.0352178 0.0318402 0.0375864 0.0203821 0.0247626 0.0190148 0.0307478 0.0178032 0.0302297 0.0262896 0.0447737 0.0244152 0.0244534 0.0212552 0.0184189 0.0158934 0.0198542 0.0211549 0.0202473 0.025659 0.0139556 
0.0182948 0.0189126 0.0214867 0.0212387 0.020218 0.0205974 0.0247183 0.0212119 0.0189693 0.0359764 0.0325005 0.0298308 0.0205674 0.035479 0.0325366 0.0387096 0.0234998 0.0199307 0.0205158 0.0297189 0.0297626 0.0241291 0.0361943 0.0294539 0.0191075 0.0451121 0.0262767 0.0425556 0.0381028 0.0342393 0.0361641 0.0357321 0.0348048 0.0494442 0.0271262 0.0297199 0.0376308 0.0322842 0.0324414 0.0390658 0.0380981 0.0322699 0.0364991 0.0337565 0.0346904 0.0303825 0.0389409 0.0475968 0.0426324 0.0323945 0.0392662 0.0350266 0.0464992 0.0406361 0.0464601 0.0520594 0.0500407 0.0423473 0.0484415 0.035068 0.0447135 0.0381571 0.0250464 0.0265888 0.0287703 0.0286503 0.0270586 0.0364507 0.0185599 0.0255259 0.0340227 0.0350548 0.029059 0.0374958 0.025129 0.0346796 0.0333384 0.0244644 0.0278151 0.0205935 0.0250316 0.027648 0.0351524 0.0214731 0.0272977 0.0240317 0.0213731 0.0303319 0.0221412 0.0189941 0.0207834 0.0242137 0.0295667 0.0258445 0.0157097 0.0269731 0.029172 0.0265581 0.0122628 0.00924766 
0.0103925 0.0188275 0.0206982 0.0175 0.0183341 0.0341417 0.0317465 0.0264525 0.0314954 0.0171119 0.0203171 0.0209256 0.0301596 0.0197612 0.0164212 0.0384513 0.020815 0.0286428 0.0257966 0.0337127 0.0287156 0.0352698 0.0373395 0.0456246 0.0354329 0.0209238 0.0359241 0.0374339 0.0284366 0.0416514 0.0307555 0.0387859 0.0474159 0.026721 0.0202363 0.0181111 0.0254428 0.0311238 0.0392831 0.0315073 0.0303638 0.0303811 0.0372164 0.035525 0.0373088 0.0401403 0.0369655 0.0345289 0.0420857 0.0350538 0.0302607 0.0361909 0.0405118 0.0322234 0.0255636 0.0291357 0.0228306 0.0326468 0.0367208 0.0369745 0.0495011 0.0337902 0.0212992 0.0432954 0.0370465 0.0438602 0.0381073 0.0391824 0.0249483 0.0384476 0.0362109 0.0366331 0.0321514 0.0360034 0.0280782 0.0349769 0.0329744 0.0383989 0.0270651 0.03334 0.0352478 0.0361688 0.022148 0.0273784 0.0276568 0.0234024 0.0357817 0.0246901 0.021346 0.0260342 0.0283832 0.0208973 0.0256866 0.0204046 0.0213596 0.0177123 0.0271366 0.0186966 0.0169029 0.0303547 
0.0080901 0.0278423 0.0270854 0.021399 0.0201462 0.0276785 0.0157579 0.0362014 0.027708 0.0219027 0.0196632 0.0263601 0.0301009 0.026527 0.0328009 0.026377 0.0361402 0.0298663 0.0269363 0.0286678 0.0292192 0.0225248 0.0379682 0.02459 0.027941 0.0315513 0.0349712 0.0359506 0.0364349 0.0363748 0.0303216 0.0302004 0.0260417 0.0327165 0.0455902 0.025952 0.0308536 0.0267418 0.0485512 0.0516636 0.0395716 0.0382682 0.034209 0.0545394 0.0256855 0.0354283 0.0290159 0.0291201 0.0362634 0.0291452 0.0427279 0.0289801 0.0432269 0.0426639 0.0455147 0.0308726 0.0459279 0.03135 0.0258843 0.0459943 0.0416334 0.0472776 0.0380803 0.0231029 0.0461273 0.025379 0.0323986 0.0454624 0.0325319 0.0365236 0.0299564 0.0240904 0.0282047 0.0329313 0.0360943 0.0458012 0.0391581 0.0305804 0.035167 0.0326389 0.0199003 0.0350836 0.0217182 0.0351999 0.0287568 0.0290011 0.0339248 0.0239872 0.0247027 0.0235742 0.0178755 0.0358393 0.0170064 0.0172226 0.031381 0.0249511 0.0275832 0.0217473 0.0181697 0.018046 
0.0154916 0.0133724 0.0242985 0.0325984 0.0243909 0.0172673 0.0349017 0.0285002 0.0266329 0.0371475 0.0302985 0.0242001 0.0338405 0.0351491 0.031829 0.0281563 0.024431 0.0393995 0.0345349 0.0335078 0.0214646 0.0223736 0.0309074 0.038417 0.0336162 0.0242493 0.0275915 0.0187822 0.0318379 0.0278106 0.0342241 0.0460794 0.0304969 0.0415025 0.0384236 0.0412574 0.0406871 0.0359227 0.0351523 0.0331911 0.043148 0.0410331 0.0352505 0.0247909 0.0413581 0.0275975 0.0370552 0.0423873 0.0347628 0.0271403 0.0364381 0.0431771 0.041246 0.0313436 0.0423715 0.0408093 0.0458469 0.0430595 0.0339601 0.0397014 0.0361796 0.024399 0.026532 0.0353279 0.0323105 0.0457146 0.0407784 0.0494169 0.0451398 0.0340548 0.0466332 0.0353351 0.0408765 0.042795 0.0375249 0.026735 0.031747 0.0309062 0.0301088 0.0334844 0.0326271 0.0272435 0.0295957 0.0255234 0.0300743 0.0355935 0.0291677 0.0152607 0.0277142 0.020685 0.0254125 0.0228248 0.0280424 0.0249853 0.0198081 0.0157055 0.0242524 0.0176932 0.0155049 0.0185567 
0.0141887 0.0139778 0.0209284 0.0162976 0.023505 0.0238882 0.0218951 0.0252931 0.0253394 0.0261143 0.0273016 0.0181865 0.0244415 0.0307659 0.0414882 0.0316706 0.0392475 0.0325872 0.0366549 0.0294902 0.0351328 0.0405597 0.0256204 0.0345004 0.036979 0.0300678 0.0397768 0.0346535 0.0299345 0.0562201 0.0553192 0.0295641 0.0464938 0.0368702 0.0418414 0.0292294 0.0433815 0.0314366 0.0361053 0.0290002 0.044525 0.0323659 0.034116 0.036575 0.0376687 0.0447276 0.0341375 0.0329594 0.0426952 0.0484991 0.0299188 0.0296668 0.033641 0.0336505 0.0457172 0.0362249 0.030445 0.0343825 0.0245254 0.0531679 0.03571 0.0363996 0.0310608 0.0357014 0.0262694 0.0319532 0.0481222 0.0321606 0.0332828 0.0221575 0.0286843 0.0304237 0.0154448 0.0250138 0.0444434 0.0268755 0.0321509 0.0313305 0.0353317 0.025123 0.0355549 0.0296226 0.0314265 0.0407116 0.0304206 0.0281414 0.0239848 0.0278534 0.0229735 0.0213633 0.0295657 0.0209708 0.0229441 0.0278687 0.0280121 0.0294795 0.0254362 0.0195797 0.0192671 0.0206359 
0.0236733 0.029361 0.0280699 0.0361231 0.022433 0.0230267 0.0203303 0.0330708 0.0201402 0.0262363 0.0343829 0.0335809 0.0379206 0.024008 0.0271674 0.0306008 0.0356059 0.021457 0.0313053 0.0210199 0.0278542 0.0379507 0.0320206 0.0202353 0.038743 0.0336513 0.0332975 0.0376108 0.0363308 0.032878 0.0331229 0.0350479 0.0322666 0.0291446 0.0340147 0.0343785 0.0295008 0.0387801 0.0249252 0.0428978 0.0291032 0.0375626 0.0399648 0.0406629 0.0356511 0.0528941 0.0317429 0.0402062 0.0329302 0.0351108 0.0515484 0.0313501 0.0288544 0.0418135 0.0443529 0.0349515 0.0555731 0.042531 0.0431036 0.0379468 0.0311873 0.0367578 0.037909 0.0418318 0.0378375 0.0384034 0.0404491 0.047215 0.0260982 0.0207683 0.0344119 0.0361993 0.0406713 0.0339025 0.0291191 0.0376663 0.0273582 0.0323689 0.0233091 0.0302433 0.039159 0.0472906 0.0330091 0.0292136 0.0434119 0.0235599 0.032399 0.030336 0.0269285 0.0280576 0.0305671 0.0279129 0.0188534 0.0183371 0.0214993 0.0269305 0.0342034 0.0226299 0.0250872 0.0097664 
0.0130081 0.0184184 0.0130885 0.0143523 0.0206798 0.018113 0.0320465 0.0241883 0.0242023 0.0299455 0.0224778 0.0231788 0.034001 0.0242954 0.0391362 0.0431979 0.0413431 0.048256 0.0291629 0.0308836 0.0248127 0.0358538 0.043767 0.0330699 0.0269815 0.0205411 0.0330578 0.0420299 0.0140757 0.0401294 0.0378577 0.0357288 0.035686 0.0353841 0.033112 0.0433713 0.0354709 0.0377697 0.0320432 0.0356742 0.0298064 0.0310062 0.0353279 0.0494234 0.0317851 0.0396305 0.0281573 0.0379262 0.0323924 0.0378925 0.037818 0.0490319 0.0383879 0.0357229 0.038305 0.0420237 0.0363507 0.0313742 0.0342913 0.0451166 0.0388423 0.0327852 0.0512167 0.0363229 0.0377417 0.0424841 0.0415212 0.0353879 0.0352084 0.0425004 0.0477544 0.0324732 0.0431653 0.0331271 0.0330826 0.0399272 0.0470329 0.042772 0.0357231 0.0444209 0.0341082 0.0301294 0.0233451 0.0365408 0.0261331 0.0290297 0.0333474 0.0238831 0.0341069 0.0339271 0.0433093 0.032413 0.0291231 0.0178525 0.0274196 0.0170424 0.0213064 0.0245455 0.0146345 0.0193554 
0.0179104 0.011719 0.0195118 0.0260684 0.0206183 0.0258031 0.0266388 0.0230451 0.0213966 0.0368965 0.0311833 0.024405 0.0317685 0.0288434 0.0419389 0.028248 0.0314316 0.0300918 0.0293476 0.0313933 0.0383007 0.0404382 0.0364562 0.0266231 0.0364676 0.0249816 0.0255351 0.0394678 0.0332242 0.0416809 0.0326625 0.0420316 0.0315421 0.0466305 0.0352469 0.0457782 0.0391671 0.0376472 0.027551 0.0394112 0.0425463 0.0463272 0.0408886 0.0388851 0.0303914 0.0451004 0.0471572 0.0331687 0.042108 0.0473214 0.0355509 0.032719 0.0474536 0.0378711 0.048973 0.0515555 0.0385274 0.0418506 0.0290372 0.0382417 0.0328162 0.0461113 0.0398386 0.0289979 0.04362 0.0255791 0.0534221 0.0404778 0.0513286 0.0364575 0.0355062 0.0314907 0.0376505 0.0275187 0.0411614 0.0332478 0.045539 0.0220814 0.0375075 0.0258437 0.0417998 0.0337396 0.0268407 0.0375167 0.0236541 0.0354209 0.0302888 0.0284137 0.0220935 0.0182602 0.0278535 0.0300354 0.0208351 0.0279627 0.0209512 0.0231605 0.0197676 0.0249145 0.0351679 0.0132517 
0.0118998 0.030568 0.0167931 0.0253917 0.0149259 0.0182336 0.0226422 0.0324975 0.0252415 0.0237894 0.0263798 0.024307 0.0177138 0.0202411 0.0299115 0.026256 0.029974 0.0267038 0.039237 0.0318785 0.0326402 0.0362635 0.0305822 0.0434505 0.0417527 0.0196792 0.0316103 0.0328827 0.0358264 0.039824 0.041931 0.0444867 0.0427801 0.04311 0.0408981 0.0455175 0.0421292 0.0364793 0.0323431 0.0427791 0.0277161 0.0267427 0.0413412 0.0395746 0.0579201 0.035557 0.0324657 0.0318437 0.0370434 0.0340972 0.0509973 0.0383104 0.0387483 0.0336226 0.051496 0.0353375 0.0371347 0.0434664 0.0297839 0.0342193 0.0279126 0.0401069 0.0414915 0.0301843 0.0416998 0.0243714 0.0422167 0.0418866 0.0360423 0.0452717 0.034804 0.034791 0.0301294 0.0560706 0.0264395 0.041654 0.0220502 0.0287582 0.0353967 0.0241183 0.0352035 0.0226664 0.0295507 0.027394 0.033839 0.0292264 0.0237334 0.0486507 0.0234183 0.0241843 0.030164 0.0242914 0.0180909 0.0296761 0.0209113 0.0217283 0.0218111 0.0219325 0.0193237 0.0215499 
0.0168482 0.0263881 0.0241586 0.0143096 0.0218922 0.019016 0.0254584 0.0268179 0.0251037 0.0193038 0.0192478 0.020834 0.0295629 0.0195268 0.0359105 0.0261128 0.0285125 0.0356393 0.0240234 0.0366844 0.0362795 0.0290789 0.0290909 0.04337 0.0384898 0.032597 0.041909 0.0284921 0.0292805 0.0472534 0.0399266 0.0291366 0.0344547 0.0426529 0.0330113 0.0299086 0.0357625 0.0272965 0.0420208 0.035195 0.0350533 0.0461226 0.0405332 0.0450207 0.0342961 0.0503814 0.0410305 0.0373248 0.0280269 0.0441024 0.0447896 0.0299456 0.0370931 0.0379121 0.0377817 0.0260415 0.0417575 0.0450499 0.0241258 0.0361503 0.0382688 0.0367206 0.0481024 0.0452601 0.0332551 0.0346868 0.0515913 0.0337938 0.0334904 0.0338139 0.0422361 0.0366268 0.0339717 0.0260222 0.034068 0.0217565 0.0395245 0.0407946 0.0355806 0.035484 0.036674 0.0297697 0.0358232 0.0200905 0.0299956 0.0308129 0.0312114 0.0321506 0.0387451 0.038135 0.0316817 0.0283657 0.023639 0.0189179 0.0291634 0.019361 0.0247884 0.0219791 0.0206124 0.0205829 
0.0221894 0.0178863 0.0175877 0.0205971 0.0319812 0.0233793 0.020595 0.0202194 0.0236409 0.0234211 0.0280445 0.0227003 0.0305113 0.0295206 0.0278027 0.0388712 0.0257559 0.0437953 0.0219686 0.0174437 0.0239949 0.0311791 0.0299391 0.0268569 0.0330912 0.0352333 0.036412 0.0256954 0.0249938 0.0273888 0.0251569 0.0360224 0.032485 0.0315935 0.0344819 0.0359915 0.0388744 0.034096 0.0500181 0.0392751 0.0306828 0.0268307 0.0291255 0.029686 0.0394575 0.0349422 0.0436665 0.0367465 0.0243594 0.0442187 0.0441158 0.032755 0.0385319 0.0417963 0.0476028 0.0369556 0.0275089 0.0408355 0.0386146 0.0284669 0.0335173 0.0303466 0.0309687 0.0260771 0.028108 0.0356255 0.0410715 0.029828 0.041199 0.02445 0.0378004 0.0349914 0.0442764 0.0331392 0.0237448 0.0251721 0.0289186 0.0261423 0.0255081 0.0306116 0.0342839 0.029135 0.0236096 0.0402152 0.0350806 0.0338289 0.0310469 0.0333251 0.0281412 0.0205941 0.0260311 0.0280537 0.0198047 0.0232495 0.0208953 0.0121831 0.0197725 0.00764332 0.0166936 0.00874032 
0.0210025 0.024059 0.0251368 0.0214135 0.019754 0.0214051 0.0340911 0.0234671 0.0126555 0.0267875 0.0288312 0.023822 0.0232642 0.027259 0.0276114 0.0258121 0.0236111 0.0304855 0.0300497 0.0314327 0.0144534 0.0219213 0.0323942 0.0335655 0.0284574 0.0340594 0.0493198 0.0273345 0.033015 0.0344403 0.0270112 0.0464079 0.0371899 0.0325924 0.0396043 0.039 0.0392341 0.0334731 0.0363392 0.0336659 0.0422619 0.0359955 0.0388134 0.0484691 0.0407714 0.0397082 0.0482746 0.0436658 0.0315523 0.0343898 0.0320151 0.0304703 0.0276429 0.0296524 0.0359727 0.0274262 0.0294833 0.0329379 0.0326602 0.0344416 0.040687 0.0339134 0.0406239 0.032628 0.041344 0.0282757 0.0352942 0.054849 0.0359152 0.0304528 0.0261216 0.0230911 0.032783 0.028255 0.0276703 0.0281568 0.0359518 0.0515405 0.0378344 0.023181 0.0357697 0.0273301 0.0265482 0.0249754 0.0238105 0.0181169 0.0182745 0.0225555 0.031533 0.0167961 0.0197145 0.0209824 0.0221433 0.0296101 0.0183635 0.0273352 0.0146413 0.018163 0.0148248 0.0198017 
0.00829331 0.0118408 0.0272644 0.0240751 0.0148587 0.0269125 0.0256913 0.0212971 0.0311953 0.0202656 0.0236519 0.0274243 0.0250622 0.0256402 0.0212671 0.0309244 0.0244387 0.0338102 0.0289039 0.0283431 0.027692 0.0332385 0.0355239 0.0238221 0.0247395 0.0307092 0.0339209 0.0273848 0.0223225 0.0285763 0.0374439 0.0314888 0.0457036 0.0272319 0.0211351 0.0414568 0.0320311 0.0216987 0.0239236 0.0278282 0.0364718 0.0206998 0.0399927 0.0382292 0.0397189 0.0322501 0.0272572 0.0412976 0.0276952 0.0368558 0.0471176 0.0326014 0.0282474 0.028138 0.0362199 0.0313739 0.035083 0.0473587 0.0404298 0.0308547 0.0325661 0.0346563 0.0208117 0.0402148 0.0345437 0.0322329 0.0336372 0.0385721 0.0304438 0.0337031 0.0336847 0.0355297 0.0329497 0.0262228 0.0284555 0.0334409 0.0202978 0.0288464 0.0246283 0.0261369 0.0304426 0.0250776 0.0247877 0.0240802 0.0292899 0.0263125 0.0292895 0.0152146 0.0283914 0.0204472 0.0259399 0.0282275 0.0233719 0.0188459 0.0220821 0.0135757 0.0166949 0.0112759 0.0183965 0.014641 
0.0233232 0.0160777 0.0157228 0.00941912 0.0159754 0.0271182 0.0146345 0.0212312 0.0201127 0.0138953 0.0246933 0.0238575 0.0297262 0.0182608 0.0274405 0.0206815 0.0273675 0.0222831 0.0383919 0.0190774 0.0276982 0.0237065 0.02885 0.01875 0.0240101 0.0179044 0.0281268 0.0283529 0.0321271 0.01136 0.0267565 0.0352796 0.0341768 0.0306315 0.0257572 0.00908082 0.0394258 0.0236674 0.0374896 0.0271921 0.0347964 0.0367935 0.0138026 0.028572 0.0335149 0.0280752 0.041607 0.0273719 0.031615 0.0304278 0.0437697 0.0254998 0.0280148 0.0268858 0.0289323 0.029952 0.0312727 0.0233791 0.0299273 0.0272533 0.0242327 0.0290449 0.0312534 0.02415 0.0288255 0.0316182 0.0245754 0.049419 0.0400481 0.0186559 0.0428905 0.0228562 0.0248361 0.0286859 0.0213936 0.0283695 0.0355832 0.0262817 0.0254675 0.0223604 0.0208566 0.0246335 0.0322033 0.0300741 0.0287637 0.0267413 0.02949 0.0203704 0.0148875 0.017793 0.0194041 0.0163582 0.0201614 0.0214657 0.00975878 0.0157781 0.0212718 0.0159515 0.0217436 0.0138464 
0.00900169 0.0104862 0.0148474 0.0136223 0.0227366 0.0160833 0.0197704 0.0249273 0.0263783 0.0208186 0.0205771 0.0173889 0.03263 0.0208617 0.0164829 0.0130921 0.0270808 0.0296554 0.0279031 0.025919 0.0254767 0.026485 0.033113 0.0363473 0.0307842 0.0185442 0.0275396 0.0207623 0.01451 0.021049 0.0308137 0.0347196 0.0247619 0.0317344 0.0295827 0.0364299 0.0216445 0.0243587 0.0307766 0.0297125 0.036475 0.0296109 0.0386061 0.0333101 0.0352017 0.0196819 0.0365884 0.0423566 0.028434 0.0378967 0.026276 0.0377564 0.0322099 0.0267932 0.0328426 0.0215874 0.0348832 0.0314311 0.026914 0.0272937 0.0364656 0.0282973 0.0289058 0.0279737 0.0308902 0.0254009 0.0302676 0.0294539 0.0283651 0.0221913 0.0249081 0.0169571 0.0240517 0.0221141 0.0266407 0.0301316 0.0223436 0.0212955 0.0230331 0.0176319 0.0251372 0.0193722 0.0272014 0.0308718 0.0220033 0.0236426 0.0231281 0.0190699 0.0270851 0.0208647 0.0198269 0.0223205 0.0233885 0.0124167 0.0226577 0.0172963 0.0117203 0.00802922 0.00708558 0.00921443 
0.0066797 0.018363 0.0159018 0.0142419 0.0201027 0.0201646 0.0163176 0.0192698 0.0207311 0.0161039 0.0243982 0.0139734 0.0130725 0.0272921 0.0157375 0.0176802 0.0131147 0.0163732 0.0148526 0.0269478 0.0169603 0.0204728 0.0241051 0.0169048 0.014917 0.0149141 0.017464 0.0336733 0.0179307 0.0273017 0.0247666 0.0314455 0.0105813 0.0232595 0.0235149 0.029397 0.0271521 0.0137003 0.0204223 0.0260729 0.0324325 0.0310793 0.0228968 0.0239975 0.0181068 0.0317856 0.0315565 0.0276676 0.0283767 0.0308143 0.028163 0.0248408 0.0246841 0.0223812 0.030055 0.0293601 0.0291008 0.0345403 0.04073 0.0249614 0.0316903 0.0194366 0.0198016 0.0201864 0.0176529 0.0200613 0.0249776 0.0273514 0.0212104 0.0340679 0.0234601 0.0215749 0.0274839 0.0243429 0.0138777 0.014934 0.0222119 0.0164824 0.0156517 0.0333509 0.0179295 0.0146392 0.0302545 0.0278613 0.0132696 0.0186537 0.0191048 0.0188974 0.0104423 0.0193283 0.0274131 0.0205548 0.0213419 0.022366 0.0108434 0.0227514 0.0126581 0.00955788 0.0104777 0.00951849 
0.00769742 0.00652266 0.00423467 0.00906845 0.021118 0.0108358 0.00799911 0.0094759 0.0177655 0.0129757 0.0123586 0.0139424 0.0195107 0.0254926 0.0130858 0.0181976 0.0186727 0.0237385 0.0147941 0.0167776 0.0140777 0.0106422 0.022742 0.0233285 0.0182575 0.0158189 0.021968 0.01436 0.0157242 0.0229996 0.021368 0.0190306 0.0143636 0.0237442 0.0261685 0.0141513 0.013746 0.030627 0.0189967 0.0262256 0.0268394 0.0279174 0.0167515 0.0208387 0.0170056 0.0266976 0.0298549 0.0289212 0.0351127 0.0259108 0.0221371 0.0262123 0.0395023 0.0202899 0.0205715 0.0283193 0.019883 0.0219237 0.0206961 0.0194257 0.0215891 0.0139013 0.0288966 0.0262758 0.0238146 0.01679 0.0238225 0.0306705 0.0105821 0.0164113 0.0277201 0.01276 0.0206871 0.012715 0.0148169 0.0159036 0.0207154 0.0168487 0.0227882 0.0220742 0.00947489 0.0196494 0.013999 0.016637 0.0128435 0.0173818 0.0219849 0.0216827 0.0174386 0.00882708 0.00808698 0.0112025 0.0140826 0.0117889 0.0137182 0.0113528 0.00698167 0.0141921 0.00594544 0.00433282 
0.00890156 0.00352344 0.00354505 0.0101034 0.00944728 0.0144078 0.0187668 0.0109931 0.0244899 0.0102286 0.00327156 0.00984768 0.0120328 0.0127474 0.0109307 0.0150982 0.00695512 0.0111614 0.0105885 0.0159682 0.0281513 0.00357607 0.0192504 0.0243048 0.0194259 0.0134896 0.0198046 0.0311775 0.0135638 0.017079 0.0218387 0.019451 0.0212181 0.015025 0.0176505 0.0153206 0.0170899 0.0131622 0.015998 0.0226779 0.0154931 0.0221989 0.0174973 0.0160999 0.0195198 0.0109584 0.0122151 0.0202476 0.0134123 0.0188005 0.026582 0.0281198 0.0234469 0.0133572 0.0152408 0.0218283 0.0235336 0.00970972 0.0142241 0.0205902 0.0170002 0.026456 0.0083237 0.0187164 0.0172516 0.0137033 0.0161561 0.012688 0.024157 0.0199957 0.0178646 0.0143443 0.00993157 0.0176851 0.0162774 0.0109324 0.013016 0.0212997 0.0174256 0.0105421 0.0268845 0.0158131 0.0124204 0.0106858 0.0209389 0.0122005 0.00997789 0.0151713 0.0127023 0.0162218 0.0115183 0.011067 0.00686113 0.011129 0.0114017 0.0115663 0.0109193 0.011577 0.0099364 0.00625945 
0.00195326 0.00950255 0.00927219 0.00765676 0.00916584 0.0102863 0.00836394 0.00509944 0.00889132 0.010263 0.00320599 0.00692214 0.0109747 0.0109587 0.00370358 0.013098 0.00929954 0.0145259 0.0182071 0.00845471 0.00735593 0.00499161 0.00578374 0.0179812 0.0125736 0.0188323 0.0191184 0.00763474 0.0116976 0.0122757 0.0098213 0.0157001 0.0046898 0.0266447 0.0260355 0.0188649 0.0144969 0.0148606 0.0125372 0.0166464 0.0161401 0.0156613 0.0164101 0.0111254 0.0194332 0.0146014 0.0115546 0.0131197 0.00719885 0.0143292 0.0131278 0.0132814 0.00993901 0.0151821 0.00824921 0.0175961 0.0112674 0.014477 0.0206527 0.01427 0.0105547 0.0136206 0.00429833 0.0186769 0.0106537 0.0192281 0.00877894 0.0172828 0.0160896 0.0182307 0.018961 0.0150655 0.00930957 0.0145059 0.0103837 0.0166431 0.0161647 0.00653101 0.00746032 0.00896465 0.0105246 0.0128479 0.0125896 0.0148216 0.00796979 0.0136823 0.0122785 0.00495574 0.00927404 0.00383937 0.00886305 0.0160907 0.0132104 0.0148696 0.00433233 0.0100211 0.0060795 0.0064312 0.00966837 0.00438221 
0.00410946 0.00423898 0.00332036 0.00877455 0.0072437 0.00280054 0.00511802 0.00869386 0.00424804 0.0116763 0.00991382 0.00562266 0.00479432 0.00577564 0.00440925 0.00801951 0.00649633 0.00885864 0.00548966 0.00748192 0.00397158 0.00997915 0.00901557 0.00802949 0.0115386 0.00794618 0.0112814 0.00786955 0.00862575 0.00781722 0.00714164 0.00500285 0.0147524 0.0116958 0.0159822 0.00825375 0.00725625 0.00863809 0.0197318 0.0172907 0.00729839 0.00814435 0.00866386 0.00501729 0.012035 0.0130556 0.0126982 0.0133467 0.0081155 0.0132776 0.00980562 0.0119136 0.0207592 0.0147586 0.00889702 0.00424846 0.0127722 0.0090613 0.0122478 0.010749 0.0136304 0.0139776 0.00478076 0.00564091 0.00848281 0.010287 0.00655506 0.00544055 0.011043 0.0184223 0.00908723 0.00488675 0.00417559 0.0120651 0.00740957 0.00431112 0.0122275 0.0137757 0.00267437 0.0104799 0.00570048 0.00831611 0.00530649 0.010365 0.00540108 0.0074754 0.00557861 0.00435665 0.00827428 0.0015199 0.00443961 0.0058494 0.00616761 0.00880892 0.0068653 0.00236417 0.00547748 0.00102475 0.000122447 0.00292045 
0.00260455 0.00358401 0.00756277 0.000853097 0.00179298 0.00451281 0.00348851 0.00618869 0.00388601 0.00767596 0.00388771 0.00281347 0.0043117 0.00231982 0.00594774 0.00404314 0.00699111 0.00582226 0.00821352 0.00273119 0.00392193 0.00856804 0.00131436 0.00349027 0.0034148 0.00495448 0.0065321 0.00360432 0.00374113 0.00850998 0.0121285 0.00383317 0.0083519 0.00616988 0.0086323 0.00450648 0.00629083 0.00421211 0.00696574 0.00603093 0.00674361 0.00491545 0.00455571 0.00815373 0.00499346 0.00803774 0.00558726 0.00784091 0.0124418 0.0086163 0.00181158 0.00856551 0.00390064 0.00515327 0.0120143 0.0117472 0.00732198 0.00448474 4.07051e-05 0.00455007 0.00285318 0.00209925 0.00130213 0.00613499 0.00920027 0.00484938 0.003445 0.00571821 0.00326297 0.00318481 0.00410604 0.0056328 0.000977416 0.00518405 0.00521467 0.00740077 0.00505176 0.00525705 0.00534064 0.00439438 0.00756473 3.15855e-05 0.00606578 0.00254922 0.00833451 0.00595638 0.00258769 0.00387576 0.00181599 0.00289809 0.00697781 0.00140584 0.00505941 0.00548178 0.00324982 0.00485029 0.00312398 0.00747173 0.00119822 0.00144343 
0.00306636 0.00401788 0.00237135 0.00570409 0.00295202 0.00778872 0.00176819 0.00297666 0.00516469 0.00185648 0.00540603 0.00406361 0.00520682 0.00124605 0.00531412 0.00667453 0.00278508 0.00394883 0.00102229 0.00329137 0.0026664 0.00493788 0.00279938 0.00204526 0.00147553 0.00781435 0.00728129 0.00128531 0.00315448 0.00218811 0.00472579 0.0105592 0.00323191 0.00423818 0.00535383 0.00426508 0.00325475 0.00168922 0.00790158 0.00411713 0.00455806 0.00555124 0.00596793 0.00309067 0.00905187 0.0082614 0.00938651 0.00536338 0.00517088 0.00699053 0.00119321 0.00796671 0.00575864 0.00718969 0.00411027 0.00806058 0.0104525 0.00999775 0.00961608 0.00327551 0.00276747 0.00473862 0.0080392 0.0058696 0.00317564 0.0100411 0.00515741 0.00472588 0.00572744 0.00307248 0.00628269 0.00719089 0.0016118 0.00368483 0.000747743 0.00336942 0.000924613 0.00699667 2.46915e-05 0.00268949 0.00192947 0.00445023 0.00668057 0.00567752 0.00224778 0.00439571 0.00629009 0.00266069 0.00415653 0.00258752 0.00324585 0.0018669 0.000962618 0.00323394 0.00463837 0.00436129 0.00291316 0.00278897 0.00129103 0.00459995 
0.000917062 0 0.00261582 0.00869746 0.000844434 0.00115471 0.00284217 0.00495835 0.000912981 0.00347062 0.00401875 0.00571346 0.00260675 0.00456085 2.61945e-05 0.0011412 1.89176e-05 0.00311611 0.00809414 0.00450391 0.00433229 0.00232472 0.00197416 0.000932249 0.00485174 0.00512247 1.70919e-05 0.0112892 0.0025851 0.00538914 0.00510292 0.00383933 0.00242913 0.0026275 3.25259e-05 0.00252019 0.0033701 0.00694017 0.00370021 0.00393757 0.00216222 0.00215448 0.00587258 0.00119444 0.00141133 0.00309557 0.00616163 0.00581896 0.00418477 0.00171721 0.00491667 0.0046714 0.00488019 0.00648761 0.00648504 0.00313434 0.00240205 0.00397592 2.288e-05 0.0049708 0.00786131 0.00506321 0.00339783 0.00165437 0.0087683 0.00401977 0.00145224 0.00356663 0.00588079 0.00229039 0.00244954 4.45995e-05 0.00376394 0.00605377 0.00712113 6.93676e-05 0.00299884 0.00580286 0.0011067 0.00442098 0.00266332 8.02452e-05 0.0016728 0.00264311 2.22635e-05 0.00150879 0.00109348 0.00168372 0.00172407 0.0033759 0.00150885 0.00274578 0.00426312 0.00304963 0.0036852 0.00299954 0.00745239 0.00352484 5.53856e-05 0.00208858 
0.00230888 0.00360732 0.000913373 0.00126565 0.00196028 3.03297e-05 0.000596311 0.00102003 0.00356505 0.00594333 0.00187149 0.00195463 0.00124685 0.00545993 0.00125064 0.00309506 3.22688e-05 0.00836008 0.00259657 0.00159757 0.00324418 0.00204013 4.23957e-05 0.00326893 0.00275148 0.00133547 0.00425203 0.00313165 2.24877e-05 0.00766755 0.000188649 0.00357868 0.00082499 0.00107925 0.00230798 0.00473661 0.00192115 0.00643522 0.00377222 0.00662518 0.00323455 0.00762192 0.00473079 0.000955149 0.00216708 0.000101921 0.00158831 0.00441461 0.00553965 0.00120746 0.00441693 0.00301765 0.00305212 0.00282149 0.00638821 0.003283 0.00295318 0.00591487 0.00376783 0.00800786 0.000136709 0.00112918 0.00792237 0.00674108 0.00338742 0.00303006 0.00154225 0.000922355 0.00072573 0.00170824 8.39785e-05 0.00134584 0.0015672 0.00239386 0.00602324 0.00272002 0.00626082 0.00167283 0.0012987 0.00667116 0.001503 0.00160371 0.00430288 4.70544e-05 2.52807e-05 0.00278904 0.00140621 0.00355414 9.46392e-05 3.84505e-05 0.0017023 0.000974654 0.00161595 0.00282197 0.00317248 0.00149648 0.00199086 0 0.00141858 0.000841582 
0.00131885 0.00301591 0.000968717 1.62926e-05 0.00380709 0.00174099 0.000742088 0 0.00131431 5.26075e-05 0.00110227 0.00114209 0.00165742 2.08547e-05 0.0028534 0.000113511 0.00124481 0.00484954 0.00292143 0.00189739 0.00233553 0.00102655 0.00112155 0.00375293 0.000975124 1.3199e-05 0.00295895 0.0011875 0.00151027 0.00441566 0.00142922 4.22976e-05 0.00325342 0.00724545 0.00248459 0.00243502 0.00391295 0.00310057 0.00316279 0.0018458 0.00337954 0.00756195 0.000915839 0.00365326 0.00507091 2.22681e-05 0.00139087 4.86755e-05 0.00335592 9.62199e-05 0.00145379 0.00146774 0.00380687 0.00496422 4.92672e-05 0.00191369 0.00115993 0.00329134 0.00127573 0.00112188 0.00350683 0.0027153 0.00333477 0.00303482 8.68263e-05 0.00298945 0.000958021 0.00636381 0.00272316 0.00453097 0.00356605 0.00592193 0.00176619 0.00132435 0.00263926 0.00150322 0.00317426 1.93214e-06 0.00877191 0.000633091 0.00160746 0.000684399 0.0015662 4.05666e-05 0.00238066 0.00217545 0.00372514 0.00176981 0.00277728 0.00183288 0.00319816 4.66801e-05 0.00324739 0.00139586 2.17178e-05 6.27392e-05 0.000237517 2.79058e-05 1.65989e-05 0.000685991 
0.00368513 0.00184852 1.67995e-05 0.00330612 9.97575e-07 0 0.00157662 9.71731e-07 0.00149358 0.00150098 0 0 0.00175198 0.000876854 4.06923e-06 7.09262e-06 0.00115531 0.00444485 0.00143672 0.00256142 0.0038033 0.0031977 5.76435e-05 0.00127913 0.000878425 0.000908888 5.86012e-05 0.00200592 0.00191267 0.000879294 0.00122843 3.34741e-05 0.0016285 0.00199725 2.52067e-05 0.00193499 0.00162295 0.00219756 0.000882895 0.00147902 0.0059297 0.00160849 0.00179486 0.00182946 0.00746217 1.96899e-05 0.00511729 0.00194781 0.00486624 0.000988938 0.0013724 3.50144e-05 1.72179e-05 0.00229133 0.00432166 0.00271881 0.0027148 0.00333156 2.38813e-05 0.00258694 0 0.000900786 5.16573e-05 8.42476e-05 0.00202099 0.00514702 3.91377e-05 2.04073e-05 0.00140707 0.00344416 0.0023491 0.00272443 0.00359988 4.71616e-05 1.59982e-05 0.00143112 0.00267029 0.00159182 0.00160881 0.00301224 0.00167452 0.00163516 0.00256912 0.00158385 0.0038683 1.57939e-05 1.76863e-05 9.81594e-07 0.00185397 5.21668e-05 0.00227293 0.00405209 0.00253211 1.25344e-05 0.00188598 0.00509923 0.00164299 0 0.00178429 0.00217897 
0.00277842 7.87367e-06 2.72853e-05 1.56786e-05 0.000576116 8.70272e-06 5.35056e-07 0 2.65764e-05 1.04647e-05 3.95347e-05 0.00284201 0.00181038 0.00136706 0 3.85389e-05 4.32301e-05 0.000904938 0.00137678 0.00178795 0 0.00184759 3.60021e-05 1.98108e-05 0.00261318 7.03175e-05 0.00104544 3.17788e-05 0.000666848 1.59727e-05 2.36244e-05 0.00184683 0.00187452 3.46468e-06 0.0014163 0.00110533 0.000644395 0.000825531 4.1253e-05 2.61548e-06 0 0.00138657 8.74654e-05 1.36312e-05 7.93134e-06 0.00409483 3.38808e-05 1.77947e-05 0.00188604 0.000872331 3.58388e-05 0.00273028 0.00358276 2.12467e-05 1.10471e-06 0.00162989 3.84553e-05 1.15106e-06 0.00161606 0.00476689 0.000937841 5.85132e-05 0.00165071 1.04034e-05 9.6198e-06 0 2.72651e-06 2.19274e-05 1.86263e-05 0.00178478 1.07206e-05 0.00419213 0 0.00240533 1.87859e-05 0.00121563 0.0018195 3.54573e-05 0.00410134 0.0017938 0.00272782 4.28645e-05 0.00156164 9.0506e-05 0.0013311 0.00333518 0.00171269 0.00189225 0.00190628 0.0013494 1.03355e-05 0.00170404 2.61556e-05 0.00165617 0.00259888 7.46049e-08 0.00183528 6.34103e-06 0.0014004 9.90877e-08 
0 6.33963e-06 9.72643e-06 0.00112289 8.56446e-06 3.45866e-07 0 0.00225998 0.00227127 7.88283e-05 0 7.24779e-05 3.16259e-05 0.00119325 6.13545e-05 0.00253877 3.62272e-05 0.00129158 0.00115001 0 0.00106843 3.08543e-06 0.00180411 0.00125147 2.00433e-06 6.98834e-06 0.00180703 2.86139e-05 0.00170858 0.00286952 1.35885e-06 0.00274644 0 4.57158e-08 0.00224751 4.81314e-05 0 1.20776e-07 0.00167624 3.40727e-05 0.00140676 0.00194321 8.71601e-06 0.00357685 0.000583071 0.00179425 0 0.00174731 0.0012495 0.00224354 3.57185e-06 0.00146155 3.45107e-05 0.00082526 1.0133e-07 0.00119474 0.00112789 0.00166781 5.34774e-07 0.000661741 0.0033025 3.59638e-07 0 0 2.6237e-05 0.000728858 0.000991507 0.00280127 0.00271121 1.55124e-05 1.57968e-05 0.00150204 0.00152272 0.00300456 0.00257983 9.86587e-06 0.00156407 0.00254946 0.00237934 0.00197565 0.00507602 3.16145e-06 0.00239358 2.05039e-05 0.000959208 0 4.10093e-06 0.00487134 0.00168646 0 0.00180767 0.00435927 0.00127886 7.38485e-05 0.00357179 0.001882 1.14245e-05 1.01636e-06 0 0.00266677 
1.46991e-05 0 0.00215447 9.25668e-06 1.33152e-06 0.00299626 0.00131541 0.00111246 0 0.0025615 3.37644e-05 0.00114366 2.47293e-05 0 7.10422e-06 0.00247984 0.00126236 2.67978e-06 2.22374e-05 0.00371801 1.50688e-05 1.87099e-06 0.00179536 0.0017151 3.99411e-06 9.36955e-06 0.00246621 0 0.000900116 0.00115892 4.24905e-06 2.12405e-06 9.94372e-06 3.78598e-05 0.00180214 4.2092e-08 0.000970305 0.000901355 0 2.8073e-05 0 0 0.00103959 3.47427e-05 0 0 0.00299989 0 0.00311885 8.82248e-08 2.89077e-05 3.54623e-05 0.00147291 0.00188513 0.00198131 8.29767e-06 0.000962224 0.00157917 2.47075e-05 0.00117051 5.32268e-08 0.000126555 0.00215943 3.43053e-05 0.00107591 0.00107265 3.22025e-05 0 0.000856191 0 0.000900476 0.00362766 0.00107007 0.00548094 0.00128167 0 0 1.39599e-05 0 0.00159973 0.00127828 0.00199788 0.00292433 1.62827e-05 0.00179621 3.26371e-05 0.00121839 3.90492e-05 1.37489e-05 1.6458e-05 0 2.34245e-07 0 0.00130256 0.00118344 2.43722e-05 0 2.09041e-07 4.95438e-06 1.93032e-05 
2.877e-07 0 0 6.50142e-08 0 9.3106e-06 0.0009856 0.00283449 8.17166e-05 1.5825e-05 0.0017 8.16528e-06 0.00194516 0.00340747 1.95274e-05 5.07704e-06 0 0 0 0 0.0025055 0.00200208 3.74826e-08 2.87632e-06 2.38825e-06 6.19233e-07 1.93225e-05 0.0014693 0.00108591 0.00104163 0 0.00105433 0.00155936 0.00130223 0 0.00171225 1.05011e-05 0.00188061 0.00361979 0 3.65383e-06 0.0012695 7.76881e-06 0.00189464 0.000105112 1.12634e-05 0.00143114 5.36973e-06 1.8993e-09 2.04262e-05 0.00218528 0.00171447 2.82642e-05 0.000749842 1.4924e-06 0.000696452 1.09689e-06 7.11444e-08 0.00129135 3.27462e-05 0 0.00115144 0 0 0 0.00143815 0.00112312 0 0.00162426 0.00143069 0.00372119 2.12368e-05 1.31662e-05 3.02868e-08 0 2.90101e-06 6.99078e-08 2.4625e-06 9.03748e-06 0 0.00179034 3.29617e-05 0 0 0.00103507 2.04732e-07 7.99282e-06 0.0016074 4.41276e-05 0.00174982 0 1.41098e-05 2.2654e-05 0 2.87399e-07 0 0 0.00123976 0.0011465 6.4191e-07 
0.00193739 2.17781e-05 0.000753695 0 4.68245e-06 0.00111971 1.39676e-05 0.00269208 0.0017079 0 2.58646e-05 0.00102871 4.20113e-07 0.00177829 0 1.79351e-05 1.68003e-06 0 0 0 0.00200379 0.00109807 0 0 1.68041e-06 0 2.44174e-08 1.60857e-05 0 0.00143501 0 0 0 0.00169798 0 0 0 0 0 0 0 0 9.25507e-07 0.0042886 0 0.00119502 0 3.84102e-07 0.000905182 0.00245278 0.00546825 0.00111151 0 1.48595e-07 0.00134266 0.0014577 0.00118211 0 0.00228439 2.40248e-05 2.74273e-05 0 0 0 0.000117733 2.26416e-05 0 0 1.20574e-05 0 1.24183e-05 0 7.19224e-06 0.00100122 0 0 0.00110606 2.10587e-05 0.00270243 0 0 0.00132537 0 0 1.03128e-05 4.30108e-05 0.00154344 0.00149271 4.8726e-05 0 0 0.00292579 4.71261e-06 1.07432e-07 1.07024e-05 0 0 1.79609e-05 1.96867e-06 0.00172517 
2.39108e-07 5.05386e-05 0 0.0015532 0 0.000465416 0 0.000909788 0 0 0.00142427 0 2.46129e-05 0.00235327 0 0 0 0.00207041 0 0 2.28425e-06 0 0.00105733 0 0 0 0 0 0.00137434 3.26134e-06 5.93196e-08 0 0 0 0 0 1.52246e-05 2.50089e-06 0 0.00108579 1.80985e-05 0 0 8.85421e-06 2.33181e-05 0.000475117 1.71892e-06 0.00140323 6.96178e-05 1.64691e-05 8.16101e-06 0 0 0.001636 3.58023e-05 6.09315e-06 0.00285504 0 0 0 0 3.31667e-05 0 0.00118805 0.000964752 0 0 0 0 0 9.33437e-06 0 0 0 0.000749579 0.00102972 2.56539e-05 9.42255e-06 0 2.66856e-05 0 0 0.00166095 0 0 1.56989e-05 0 0 0 6.6474e-07 0 2.72807e-07 0.00273403 0.00177961 1.30182e-05 0 0 0 0 0.00119305 
4.28426e-07 0 0 0.00065323 0 0 0 2.7098e-06 2.08052e-05 0.000599518 0 0 0 0 0 0 1.25203e-05 6.19192e-06 0 0.00102152 4.89568e-07 2.78561e-05 0 0 0 0.000836555 4.45488e-06 0 0.00123404 0 0.00192234 0 0 5.68597e-06 0 0.00120236 0 0.00154918 0 0 2.97966e-05 2.53488e-05 0 0 0 0 1.03499e-06 4.0632e-06 0 0.0010421 0 4.63291e-08 4.9241e-06 0 2.20221e-07 0 0 0 0 0.000899601 0 0 0 0 0 7.6116e-06 0 0 0 0.00191058 0 0 0 0 0 0.000109277 0 0.00121879 0 0 0 0 0.00151979 0 0 0 0 0 0.000921371 2.28178e-05 5.28184e-05 0.00116847 0.00116045 0 0.00274396 0 0.00128778 0 1.45587e-07 0 
0 0 0 0 0 0.00100184 5.50883e-05 0 3.52975e-09 0 0 0.00106085 0 0 0 0 0.0014174 9.34066e-07 0.000946935 0 0.00336615 3.46603e-06 2.89266e-05 0 0.00168529 0 0 2.66235e-05 0 0 0 0 0.000930256 0 0.00251899 1.33392e-06 1.71558e-05 0 0 0 0 0 0 0 0.00159121 0 0 0 1.071e-05 0 5.49444e-05 0 0 0 0 0 0 0.00132486 2.51285e-05 0 0 0 0.00154517 2.16457e-05 0 0 0 0 0.000885977 0 0.000778598 0 0 0 0 0 0 0 0 0 0 0 0 2.53582e-06 0 0 0 0.000870903 0 0 0 0 0 0.00137939 0 0 0 0 0 0 
0.00137112 0 0.0018136 0.000970002 1.3904e-07 0 0.00154569 1.06851e-05 0 0 0 0 0 0 0 2.20778e-05 5.50557e-06 0 0 0 0.0010291 0 0 0 0 0 0 0 0.0013167 0.00111121 0 0 3.2455e-06 4.18459e-07 0 0 0 0 3.5028e-06 1.27967e-05 0 0 0 0 0 0.0018742 0 0 1.29389e-06 0 0 0 0 6.19551e-07 0.00183104 0 3.02963e-05 0 0 0 0 0 0 0 0 0 0 0 0 0 0 0 0 0 0 0 0 0 0 6.11237e-06 0 0 0 0 0 0 0 0 0 2.96633e-05 2.16635e-05 0 0 4.01334e-05 0.00154558 0 0 0 0 0 
0 0 2.1107e-07 0 0 0 0 0 0 0 0.00176585 0 0 0 0 0 0 0 0 8.90157e-06 0 0 0 0.00164414 0.00189329 0 0 0 0 1.142e-05 0 0 0 0 0 0 0 0 0 0 0 0.00113179 0 0 0 0 0 1.85648e-05 0 2.44569e-05 0.000815074 0 0.00165599 4.87258e-07 0 0 0 2.95075e-08 0 0 0 0 0 0 0 0 0 0 0 0 0 0 0 0 0 0 0 2.53867e-06 0 0 0 0 0 0 0 0 0 0 0 0 0 0 0 0 0 0 0 0 0.0011204 0 
0 2.77924e-05 0 3.25193e-06 0 0 0 0.00144106 0 0 0 0 0 0 0 0 0 0 0 0 0 0 0 0 0 0 0 0 0.00180017 0 0 0 6.23427e-07 0 0 5.77941e-06 0.000925743 0 0 0 0 0.00187407 0 0 0 0 0 0 0 0 0 5.80976e-06 0 0 0 0 1.27385e-06 0 0 0 0.00110247 0 0 0 0 0 0 0 0 0.00108394 0 0 0 0.000793693 3.15786e-07 0 0 1.83501e-05 0 0 0 0 0 0 5.03763e-07 0 0 0 0.00167724 0 0 0 0 0 0 0 0 0 0 0 
0 0 0 0 0 0 0 0 0 0 0 0 0 0 0 0 0 0 0 0 7.50741e-09 0 0 0 0 0 1.33566e-06 0 0 0.000920998 0 0 0 0 0 0 0 0 0 0 0 0 0 1.69965e-06 0 0 0 0 0 0 0 0 0 0 0 0 0 0 0 0 0 0 0 0 0 0 0 0 0 0 0 0 0 0.000572326 0 2.1647e-05 0 0 0 0 0 1.34767e-05 0 9.11248e-06 0 0 0 0 0 0 0 0 0 0 0 2.40536e-06 0 0 0 0 
0 0 0 1.02545e-05 0 0 0 0 0 0 0 0 0 0 0 0 0 0 0 0 3.77012e-07 0.000708837 0 0 0 0 0 0 0 0 3.50679e-07 8.46002e-06 0 0 0 0 0 0 0.00140585 0 0 0 0 0 0.00136845 8.06218e-06 0 0 0 0 0 0 5.55692e-06 0 0 0.000972485 3.59533e-06 6.07603e-06 0 0 0 0 0 0 0 0 0 0 0 0 0 0 0 0 0 0 7.51837e-07 0 0 4.45651e-05 1.3876e-06 3.37933e-10 0 0 0 0 0 0 0 0.000780827 0 0 0 0 0 0 0 0 0 0.00112563 
1.4653e-08 0 0 0 0 0 0 0 0 0 0.000946712 0 0 0 0 0 0 0 0 0 0.000914848 0 0 0 0.00105842 0 0 0 0 0 1.66627e-07 0 1.44154e-05 4.93199e-05 0 0 0 0 0 0 0 0 0 0 0 0 0 0.00181922 0 0 0 0 0 0 0 0 0 0 0 0 0 0 1.5102e-05 0 0 0 0 0 0 0 0 0 0 0 0 0 0 0 0 0 2.8609e-05 5.02e-06 0 0 0 0 0 0 0 0 0 0 0 0 0 0 0 0 0 0 
0 0 0 0 8.85575e-06 0 0 0 0 0 0 0 0 0 0 0 0 0 0 0 0 0 0 0 0 0 0 0 0 0 0 0 0 0 0.000732821 0 0 1.91884e-05 0 0 0 0 0 0 0 0 5.05113e-07 0 0 0 0 0 0 0 0 0 0 0 0 0 0 0 0 0 0 0 0 0 0 0 0 0 0 0 0 4.10002e-07 0 0 0 0 0 0 0.00114721 0 0 0 0 0 0 0 0 0 0.00165296 0 0 0 0 0 0 0.00114781 
0 0 0 0 0.00090198 0 0 0 0 0 0 0 0 0 0 0 0 0 0 0 0 0 0 0 0 0 0 0 0.00112056 0 0 0 0 0 0 0 0 0 0 0 0 0.00110198 0 0 0 0 0 0 0 0 0 0 0 0 0 1.05733e-05 0 0 0 0 0 0 0 0 0 0 0 0 0 0 0 0.00104312 0 0 0 0 0.000546505 0 0 0 0 0 0 0 0 0 0 0 0 0 0 0 0 0 0 0 0 0 0 5.87032e-07 
0 0 0 0 0 0 0 0 0 0 0 0 0 0 0 5.47268e-06 0 0 0 0 0 0 0 0 0 0 0 0 0 0 0 0 0 0 0 0 0 0 0 0 0 0 0 0 2.03669e-05 0 0 0 0 0 0 0 0 0 0 0 0 0 0 0 0 0 0 0 0 0 0 0 0 0 0 0 0 0 0 0 0 0 0 0 0 0 0 0 0 0 0 0 0 0 0 0 0 0 0 0 0 0 0 0 
0 0 0 0 0 0 0 0 0 0 0 0 0 0 0 0 0 0 0 0 0 0 0 0 0 0 0 0 0 0 0 0 0 0 0 0 0 0 0 0 0 0 0 0 0 0 0 0 0 0 0 0 0 0 0 0 0 0 0 0 0 0 0 0 0 0 0 0 0 0 0 0 0 0 0 0 0 0 0 0 0 0 0 0 0 0 0 0 0 0 0 0 0 0 0 0 0 0 0 0.00121108 
0 0 0 0 0 0 0 0 0 0 0 0 0 0 0 0 0 0 0 0 0 0 0 0 0 0 0 0 0 0 0 0 0 0 0 0 0 0 0 0 0 0 0 0 0 0 0 0 0 0 0 0 0 0 0 0 0 0 0 0 0 0 0 0 0 0 0 0 0 0 0 0 0 0 0 0 0 0 0 0 0 0 0 0 0 0 0 0 0 0 0 0 0 0 0 0 0 0 0 0 
0 0 0 0 0 0 0 0 0 0.00197946 0 0 0 0 0 0 0 0 0 0 0 0 0 0 0 0 3.02059e-05 0 0 0 0 0 0 0 0 0 0 0 0 0 0 0 0 0 0 0 0 0 0 0 0 0 0 0 0 0 0 0 0 0 0 0 0 0 0 0 0 0 0 0 0 0 0 0 0 0 0 0 0 0 0 0 0 0 0 0 0 0 0 0 0 0 0 0 0 0 0 0 0 2.4398e-06 
0 0 0 0 0 0 0 0 0 0 0 0 0 0 0 0 0 0 0.00104655 0 0 0 0 3.11817e-06 0 0 0 0 0 2.24926e-08 5.13304e-08 0 0 0 0 0 0 0 0 0 0 0 0 0 0 0 0 0 0 0 0 0 0 0 0 0 0 0 0 0 0 0 0 0 0 0 0 0 0 0 0 0 0 0 0 0 0 0 0 0 0 0 0 0 0 0 0 0 0 0 0 0 0 0 0 0 0 0 0 0 
7.33878e-07 0 0 0 0 0 0 1.3593e-09 0 0 0 0 0 0 0 0 0 0 0 0 0 0 0 0 0 0 0 0 0 0 0 0 0 1.05872e-05 0 0 0 0 0 0 0 0 0 0 0 0 0 0 0 0 0 0 0 0 0 0 0 0 0 0 0 0 0 0 0 0 0.00117877 0 0 0 0 0 0 0 0 0 0 0 0 0 0 0 0 0 0 0 0 0 0 0 0 0 0 0 0 0 0 0 0 0 
0 0 0 0 0 0.00101557 0 0 0 0 0 0 0 0 0 0 0 0 0 0 0 0 0 0 0 0 0 0 0 0 0 0 0 0 0 0 0 0 0 0 0 0 0 0 0 0 0 0 0 0 0 0 0 0 0 0 0 0 0 0 0 0 0 0 0 0 0 1.01848e-05 0 0 0 0 0 0 0 0 0 0 0 0 0 0 0 0 0 0 0 0 0 0 0 0 0 0 0 0 0 0 0 0 
0 0 3.37154e-05 0 0 0 0 0 0 0 0 0 0 0 0 6.89404e-09 0 0 0 0 0 0 0 0 0 0 0 0 0 0 0 0 0 0 0 0 0 0 0 0 0 0 0 0 0 0 0 0 0 0 2.88755e-05 0 0 0 0 2.02113e-08 0 0 0 0 0 0 0 0 0 0 0 0 0 0 0 0 0 0 0 0 0 0 0 0 0 0 0 0 0 0 0 0 0 0 0 0 0 0 0 0 0 0 0 1.89951e-05 
0 0 0 0 0 0 0 0 0 0 0 1.04682e-06 0 0 0 0 0 0 0 0 0 0 0 0 0 0 0 0 0 0 0 0 0 0 0 0 0 0 0 0 0 0 0 0 0 0 0 0 0 0 0 0 0 0 0 0 0 0 0 0 0 0 0 0 0 0 0 0 0 0 0 0 0 0 0 0 0 0 0 0 0 0 0 0 0 0 0 0 0 0 0 0 0 0 0 0 0 0 0 0 
0 0 0 0 0 0 0 0 0 0 0 0 0 0 0 0 0 0 0 0 0 0 0 0 0 0 0 0 0 0 0 0 0 0 0 0 0 0 0 0 0 0 0 0 0 0 0 0 0 0 0 0 0 0 0 0 0 0 0 0 0 0 0 0 0 0.00107425 2.90438e-07 0 0 0 0 0 0 0 0 0 0 0 0 0 0 0 0 0 0 0 0 0 0 0 3.58165e-06 0 0 0 4.83661e-08 0 0 0 0 0 
0 0 0 0 0 0 0 0 0 0 0 0 0 0 0 0 0 0 0 0 0 0 0 0 0 0 0 0 0 0 0 0 0 0 0 0 0 0 0 0 0 0 0 0 0 0 0 0 0 0 0 0 0 0 0 0 0 0 0 0 0 0 0 0 0 0 0 0 0 0 0 0 0 0 0 0 0 0 0 0 0 0 0 0 6.70163e-07 0 0 0 0 0 0 0 0 0 0 0 0 0 0 0 
0.0012332 0 0 0 0 6.85218e-07 0 0 0 0 0 0 0 0 0 0 0 0 0 0 0 0 0 0 0 0 0 0 0 0 0 0 0 0 0 0 0 0 0 0 0 0 0 0 0 0 0 0 0 0 0 0 0 0 0 0 0 0 0 0 0 0 0 0 0.00137392 0 0 0 0 0 0 0 0.00107669 0 0 0 0 0 0 0 0 5.70677e-05 0 0 0 0.000875076 0 0 4.54429e-06 0 0 0 0 0 0 0 0 0 5.92118e-06 0 
0 0 0 0 0 0 8.17024e-06 0 0.00171795 0 0 0 0.00142654 0 0 0 0 0 0 0 0 0 0 0 0 0 0 0 0 0 0 0 0 0 0 0 0 0 0 0 0 0 0 0 0 0 0 0 0 0 0 0 0 0 0 0 0 0 0 0 0 0 0 0 0 0.00095684 0 0 0 0 0 0 0 0 0 0 0 0 0 0 0.00124752 1.54295e-06 0 0 0 0 0 0 0 0 0 0 0 0 0 0 0 0 0.00118432 0 
0 0 0 0 0 0 0 0 0 0 0 0 0 0 0 0 0 0 0 0 0 0 0 0 0 0 0 0 0 0 0 0 0 0 0 0 0 0 0 0 0 0 0 0 0 0 0 0 0 0 0 0 0 0 0 0 0 0 0 0 0 0 0 0 0 0 0 0 0 0 0 0 0 0 0 0 0 0 0 0 0 0 0 0 0 0 0 0 0 0 0 0 0 0 0 0 0 0 0 0 
0 0 0 0 0 0 0 0 0 0 0 0 0 0 0 0 0 0 0 0 0 0 0 0 0 0 0 0 0 0 0 0 0 0 0 0 0 0 0 0 0 0.00145041 0 0 0 0 0 0 0 0 0 0 0 0 0 0 0 0 0 0 0 0 0 0 0 0 0 8.75619e-06 1.36923e-07 0 0 0 0 0 0 0 0 0 0 0 0 0 0 0 0 0 0 0 0 0 0 0 0 0 0 0 0 0 0 0.000902004 
0 0 0 0 0 0 0 0 0 0 0 0 0 0 0 0 0 0 0 0 0 0 0 0 0 0 0 0 0 0 0 0 0 0 0 0 0 0 0 0 0 0 0 0 0 0 0 0 0 0 0 0 0 0 0 0 0 0 0 0 0 0 0 0 0 0 0 0 0 0 0 0 0 0 0 0 0 0 0 0 0 0 0 0 0 0 0 0 0 0 0 0 0 0 1.56296e-06 0 0 6.39127e-06 0 1.7457e-05 
0 0 0 0 0 0 0 0 0 0 0 0 0 0 0 0 0 0 0 0 2.50548e-06 0 0 0 0 0 0 0 0 0 0 0 0 0 0 0 0 0 0 0 0 0 0 0 0 0 0 0 0 0 0 0 0 0 0 0 0 0 0 0 0 0 0 0 0 0 0 0 0 0 0 0 0 0 0 0 0 0 0 0 0 0 0 0 0 0 0 0 0 0 0 0 0 0 0 0 0 0 0 0.00113782 
0 3.47794e-06 0 0 0 0 0 0 0 0 0 0 0 0 0 0 0 0 0 0 0 0 0 0 0 0 0 0 0 0 0 0 0 0 0 0 0 0 0 0 0 0 0 0 0 0 0 0 0 0 0 0 0 0 0 0 0 0 0 0 0 0 0 0 0 0 0 0 0 0 0 0 0 0 0 0 0 0 0 0 0 0 0 0 0 0 0 0 0 0 0 0 0 0 0 0 0 0 0 0 
7.57478e-06 0 0.00154275 0 0 0 0 0 0 0 0 0 0 0 0 0 0 0 0 0 0 0 0 0 0 0 0 0 0 0 0 0 0 0 0 0 0 0 0 0 0 0 0 0 0 0 0 0 0 0 0 0 0 0 0 0 0 0 0 0 0 0 0 0 0 4.28972e-06 0 0 0 0 0 0 0 0 0 0 0 0 0 0 0 0 0 0 0 0 0 0 0 0 0 0 0 0 0 0 0 0 0 0 
0 0 0 0 0 0 0 0 0 0 0 0 0 0 8.58591e-07 0 0 0 0 0 0 0 0 0 0 3.72687e-06 0 0 0 0 0 0 0 0 0 0 0 0 0 0 0 0 0 0 0 0 0 0 0 0 0 0 0 0 0 0 0 0 0 0 0 0 0 0 0 0 0 0 0 0 0 0 0 0 0 0 0 0 0 0 0 0 0 0 0 0 0 0 0 0 0 0 0 0 0 0 0 0 0 0 
0 0 0.00114475 0 0 0 0 0 3.79717e-05 0 0 0 0 0 0 0 0 0 0 0 0 0 0 0 0 0 0 0 0 0 0 0 0 0 0 0 0 0 0 0 0 0 0 0 0 0 0 0 0 0 0 0 0 0 0 0 0 0 0 0 0 0 0 0 0 0 0 0 0 0 0 0 0 0 0 0 0 0 0 0 0 0 0 0 0 0 0 0 0 0 0 0 0 0 0 0 0 0 0 0 
