#################################### 
# Matrix Size= (300,500,1700)
# Resol      = (100,1,1)
# VoxelSize  = (3,500,1700)
# nbVal      = 100
#################################### 
3.187525994e-26
3.105661072e-26
2.751373514e-26
2.6560524e-26
2.496582344e-26
2.344057092e-26
2.130796503e-26
2.046228207e-26
1.855223417e-26
1.716806968e-26
1.555386488e-26
1.424320974e-26
1.358488793e-26
1.246078056e-26
1.161183417e-26
1.081295506e-26
1.029971826e-26
9.19902074e-27
8.418358566e-27
8.088926075e-27
7.134212519e-27
6.959042019e-27
6.228753515e-27
5.761091105e-27
5.032010191e-27
5.017735363e-27
4.774902378e-27
4.177547602e-27
4.082481587e-27
3.538780082e-27
3.284908542e-27
3.169638777e-27
2.882100304e-27
2.767130563e-27
2.419119607e-27
2.276992681e-27
2.322550896e-27
2.237393752e-27
1.882511353e-27
1.779211066e-27
1.778998931e-27
1.554516521e-27
1.525763726e-27
1.365278689e-27
1.225480668e-27
1.039200538e-27
1.054187062e-27
9.645238353e-28
9.520257351e-28
8.183248685e-28
7.886120606e-28
7.61148004e-28
7.110627463e-28
6.111125555e-28
5.889785591e-28
4.90145864e-28
4.917113348e-28
4.964961294e-28
3.992721354e-28
3.86806696e-28
3.751446232e-28
3.40842802e-28
3.163183569e-28
3.058138265e-28
3.045457757e-28
2.223393803e-28
2.885791237e-28
2.665439631e-28
1.644319256e-28
2.163219267e-28
1.390231265e-28
1.557657257e-28
1.586088847e-28
1.308471098e-28
1.377281949e-28
1.333892714e-28
1.191586074e-28
1.840952954e-28
8.698927483e-29
1.585511764e-28
1.067141889e-28
8.016311723e-29
1.051372257e-28
5.112551687e-29
7.932243747e-29
7.007412673e-29
5.910725499e-29
6.012439556e-29
3.262462461e-29
4.041629876e-29
3.75950959e-29
3.493352869e-29
5.101080623e-29
2.852501683e-29
3.327742061e-29
4.348523525e-29
3.390602554e-29
1.799394634e-29
6.151202799e-29
4.350240424e-29
