#################################### 
# Matrix Size= (300,500,1700)
# Resol      = (100,1,1)
# VoxelSize  = (3,500,1700)
# nbVal      = 100
#################################### 
248.6820663
241.814662
216.4466977
208.2848402
195.4713033
184.4518806
168.1387131
160.5341239
146.3142472
135.8991641
123.6019198
113.5764583
107.977025
99.30457454
92.49183057
86.33468061
82.1284854
73.62411948
67.94630098
64.63336061
57.59862119
55.59226534
49.94052997
46.22626977
40.70228825
40.57725095
38.19966901
33.77947732
32.99230259
28.84645382
26.79862648
25.92681342
23.17977408
22.43829446
19.78513335
18.80782566
18.74023401
18.04138047
15.25659442
14.51332693
14.33059766
12.64207186
12.26847619
10.90297864
9.807448263
8.533338319
8.556293256
7.986738767
7.743527316
6.814293858
6.392276141
6.113543945
5.859966028
5.048071121
4.750036145
4.126480618
4.127214282
4.018278633
3.373647803
3.186256155
3.012327171
2.806179184
2.585417106
2.457644552
2.445703348
1.854359143
2.346573222
2.16413355
1.351869044
1.71977739
1.202561553
1.204845934
1.272824467
1.040509579
1.182033923
1.086861325
0.98087036
1.455260341
0.7083338841
1.263119659
0.8601686348
0.6809832868
0.88587242
0.4539625263
0.6541409792
0.609895937
0.4674530213
0.4898928197
0.2931843656
0.3307029912
0.3415770119
0.3132618519
0.3851062895
0.2533514625
0.2917098577
0.3488537318
0.2943026392
0.1552172534
0.4793484405
0.3360143458
