#################################### 
# Matrix Size= (300,500,1700)
# Resol      = (1,100,100)
# VoxelSize  = (300,5,17)
# nbVal      = 10000
#################################### 
0.412559 0.538243 0.338596 0.547278 0.476102 0.433314 0.320361 0.344075 0.461894 0.462744 0.444486 0.326687 0.408319 0.480585 0.330415 0.319392 0.541594 0.425479 0.545736 0.44879 0.588467 0.376081 0.385062 0.487192 0.456975 0.413702 0.399243 0.475643 0.406791 0.416923 0.453408 0.330354 0.367367 0.357187 0.554865 0.340143 0.438931 0.599307 0.423534 0.301608 0.292138 0.57061 0.30097 0.374933 0.402224 0.433013 0.334747 0.410391 0.315995 0.385156 0.388828 0.400086 0.484862 0.506084 0.442033 0.458499 0.36132 0.375344 0.412223 0.611338 0.418431 0.410368 0.375954 0.364056 0.47917 0.335149 0.259735 0.37648 0.355433 0.389405 0.458158 0.455192 0.403092 0.355615 0.408289 0.428743 0.432062 0.537221 0.540818 0.388728 0.431455 0.380858 0.306005 0.566035 0.661505 0.443917 0.375831 0.417123 0.314999 0.402313 0.518218 0.415783 0.442408 0.350638 0.377276 0.387235 0.416245 0.557259 0.386199 0.612242 
0.392053 0.475872 0.503081 0.552311 0.367677 0.410922 0.36886 0.728727 0.508044 0.427387 0.386661 0.450605 0.510708 0.345271 0.487066 0.359844 0.445492 0.349613 0.424826 0.37185 0.387607 0.465688 0.364222 0.535107 0.641894 0.310264 0.362293 0.418078 0.388643 0.360832 0.401039 0.340485 0.330027 0.542012 0.438987 0.493176 0.409705 0.385594 0.344642 0.491102 0.524926 0.460945 0.383444 0.358602 0.377756 0.31217 0.413191 0.404252 0.500102 0.439014 0.488879 0.551814 0.336317 0.333535 0.335692 0.398783 0.360029 0.363512 0.321709 0.432051 0.557056 0.499213 0.308725 0.359431 0.371687 0.324231 0.310925 0.409068 0.384871 0.289506 0.332492 0.365122 0.487298 0.363335 0.650783 0.394108 0.289791 0.41058 0.320151 0.351887 0.490833 0.348101 0.406972 0.598769 0.382189 0.320164 0.361374 0.305324 0.46799 0.285604 0.480151 0.358649 0.49044 0.364285 0.405851 0.567271 0.329045 0.645815 0.409708 0.524599 
0.528608 0.338773 0.505051 0.556707 0.395385 0.334533 0.480574 0.386117 0.357194 0.328857 0.435937 0.433191 0.508505 0.327285 0.34403 0.30522 0.354049 0.452893 0.347429 0.362143 0.344607 0.395773 0.341389 0.3351 0.279152 0.377189 0.351825 0.375178 0.345532 0.353989 0.321616 0.310717 0.353531 0.370643 0.349718 0.410488 0.294034 0.352956 0.308652 0.351211 0.271298 0.344428 0.340198 0.324852 0.323144 0.319045 0.333727 0.388993 0.480131 0.362643 0.462412 0.363089 0.421041 0.335895 0.280982 0.406288 0.317646 0.364838 0.453041 0.33891 0.304254 0.48949 0.329987 0.329102 0.328788 0.437144 0.352908 0.354906 0.340379 0.401045 0.359847 0.349745 0.4722 0.439632 0.356121 0.374362 0.410875 0.552548 0.369143 0.318167 0.35382 0.308824 0.375891 0.343843 0.372852 0.382222 0.413626 0.516906 0.411226 0.446096 0.325352 0.418118 0.37162 0.608794 0.536059 0.318265 0.493881 0.445578 0.383985 0.431481 
0.482045 0.384161 0.315242 0.445093 0.431634 0.325089 0.641153 0.30737 0.338259 0.343647 0.343639 0.329191 0.343906 0.384504 0.322004 0.286917 0.343466 0.412773 0.485995 0.31754 0.31783 0.491026 0.342225 0.314504 0.396942 0.461196 0.293515 0.40986 0.283809 0.327526 0.335216 0.339045 0.326951 0.372065 0.257931 0.40569 0.26757 0.326125 0.404482 0.40816 0.332554 0.397836 0.294422 0.305753 0.346109 0.442303 0.32202 0.342036 0.353193 0.291333 0.419476 0.314878 0.343677 0.432953 0.286535 0.314758 0.331296 0.331186 0.395043 0.281735 0.285457 0.29685 0.306859 0.260041 0.27735 0.320737 0.329748 0.294431 0.303837 0.270038 0.40597 0.369496 0.335762 0.304577 0.34342 0.351599 0.284951 0.363405 0.260171 0.431829 0.338045 0.356303 0.41053 0.368011 0.465107 0.456542 0.411102 0.488395 0.329296 0.40586 0.330724 0.433584 0.373076 0.379252 0.41234 0.312296 0.34016 0.397949 0.445562 0.443627 
0.394486 0.528429 0.453078 0.396818 0.383148 0.377456 0.37899 0.354144 0.320718 0.319137 0.333143 0.407127 0.304955 0.336059 0.428305 0.363478 0.39482 0.436152 0.281689 0.262314 0.401709 0.395334 0.298585 0.506338 0.294489 0.289849 0.280239 0.345467 0.426399 0.313845 0.38272 0.291193 0.312312 0.28392 0.301362 0.318522 0.274223 0.365524 0.302372 0.349237 0.263269 0.317786 0.343375 0.410869 0.353368 0.352676 0.35312 0.341066 0.464245 0.431862 0.457532 0.41613 0.345175 0.304975 0.433076 0.312214 0.328531 0.41694 0.29427 0.359332 0.336003 0.329753 0.303127 0.265875 0.28445 0.279621 0.399381 0.31914 0.340074 0.408408 0.342869 0.303596 0.384953 0.341902 0.299316 0.331998 0.389094 0.378761 0.390901 0.387351 0.3585 0.342833 0.385095 0.385518 0.296585 0.360876 0.31136 0.374637 0.342238 0.396937 0.355888 0.457605 0.347082 0.40929 0.379781 0.346283 0.330065 0.506496 0.327802 0.4007 
0.527029 0.358349 0.452673 0.333516 0.498526 0.346555 0.350297 0.364417 0.35932 0.357438 0.330066 0.310776 0.329766 0.278853 0.410524 0.424713 0.408575 0.33099 0.316452 0.466181 0.320647 0.280418 0.337034 0.307489 0.334624 0.272589 0.265968 0.323837 0.307444 0.271548 0.313174 0.333807 0.320272 0.301714 0.340768 0.416654 0.387935 0.281952 0.3645 0.279937 0.26067 0.33546 0.33822 0.513666 0.407059 0.321602 0.34758 0.279738 0.327303 0.395189 0.358799 0.321329 0.342245 0.289511 0.323213 0.313629 0.34305 0.394256 0.326298 0.279674 0.428049 0.284265 0.32574 0.327735 0.32142 0.320263 0.361791 0.277473 0.276576 0.261239 0.275028 0.389888 0.383028 0.378557 0.383815 0.436568 0.357176 0.370583 0.458396 0.336411 0.389952 0.324206 0.432247 0.465348 0.357794 0.322463 0.33901 0.390116 0.33517 0.502851 0.281077 0.278167 0.319986 0.404253 0.372699 0.348221 0.410224 0.355418 0.457716 0.457725 
0.42327 0.415688 0.30949 0.345855 0.362127 0.323278 0.278542 0.463027 0.378371 0.374674 0.310102 0.290361 0.358068 0.395633 0.310375 0.294403 0.299077 0.327489 0.278981 0.318741 0.357796 0.418746 0.312353 0.316413 0.30131 0.521414 0.331951 0.296578 0.305566 0.33119 0.318104 0.330631 0.324236 0.329271 0.327326 0.296844 0.262262 0.301176 0.357683 0.238781 0.331475 0.289165 0.272762 0.382225 0.333437 0.297752 0.309613 0.323493 0.38498 0.263724 0.397254 0.238884 0.293185 0.339397 0.258676 0.403702 0.364279 0.3864 0.399401 0.264237 0.310767 0.346655 0.357343 0.371175 0.363423 0.276318 0.280819 0.274122 0.250318 0.361289 0.347583 0.287445 0.259986 0.249726 0.370972 0.293614 0.438412 0.482956 0.340984 0.345395 0.391533 0.350321 0.371434 0.377415 0.41164 0.426119 0.33621 0.334562 0.29633 0.302893 0.365207 0.338434 0.399622 0.347613 0.304916 0.320421 0.347837 0.405487 0.448867 0.418614 
0.428087 0.399391 0.347746 0.326171 0.304955 0.299473 0.280786 0.35676 0.374548 0.540083 0.306698 0.366756 0.339718 0.296954 0.29042 0.327198 0.351926 0.34502 0.298464 0.394255 0.32274 0.271849 0.357787 0.249554 0.370809 0.273728 0.310342 0.424987 0.276321 0.384313 0.393632 0.414183 0.357414 0.348049 0.28158 0.364623 0.382621 0.254305 0.442386 0.296455 0.303231 0.427092 0.309789 0.398548 0.277144 0.284469 0.262014 0.276717 0.308932 0.27168 0.285468 0.310802 0.374118 0.26855 0.456001 0.330839 0.308774 0.264355 0.281038 0.35683 0.298382 0.321372 0.245479 0.230029 0.341573 0.365578 0.283754 0.23187 0.320177 0.341672 0.321033 0.311423 0.426466 0.277749 0.302678 0.318988 0.283959 0.342856 0.370277 0.344349 0.344191 0.492878 0.280273 0.291005 0.363068 0.428689 0.322627 0.3131 0.408229 0.381243 0.366108 0.256135 0.353023 0.257516 0.371804 0.329624 0.496015 0.403696 0.434145 0.397937 
0.462966 0.497659 0.366414 0.405924 0.34102 0.283493 0.398988 0.369327 0.349471 0.345881 0.29412 0.404008 0.298269 0.307457 0.32074 0.330539 0.333471 0.262306 0.313255 0.295155 0.360297 0.297963 0.364192 0.327411 0.330531 0.267392 0.352672 0.259285 0.276823 0.301954 0.376273 0.308203 0.277731 0.285906 0.358615 0.308627 0.266821 0.335108 0.292808 0.301167 0.338203 0.302026 0.282588 0.294816 0.227882 0.386238 0.321848 0.293887 0.396223 0.331795 0.354409 0.237763 0.319814 0.319321 0.332665 0.326238 0.272133 0.364062 0.438589 0.242153 0.324516 0.288385 0.325472 0.293176 0.34686 0.361658 0.257154 0.371846 0.404385 0.30071 0.284752 0.242274 0.338116 0.255764 0.265874 0.415404 0.252271 0.26859 0.339052 0.374083 0.288968 0.329497 0.291656 0.383192 0.339182 0.386129 0.325865 0.34604 0.350186 0.321054 0.36683 0.422213 0.303923 0.327946 0.466145 0.397824 0.306957 0.357638 0.348544 0.316998 
0.353076 0.288238 0.371447 0.519089 0.339133 0.374504 0.344565 0.328738 0.425017 0.264694 0.263343 0.279546 0.30305 0.405964 0.404787 0.303155 0.324422 0.321977 0.298121 0.409884 0.383613 0.349385 0.428419 0.442305 0.276154 0.339905 0.362751 0.306964 0.384717 0.2897 0.39411 0.307312 0.333227 0.283797 0.293476 0.415916 0.33234 0.25794 0.307483 0.33751 0.25953 0.342539 0.355513 0.277379 0.339517 0.390919 0.292124 0.314379 0.295876 0.273357 0.354988 0.352676 0.274896 0.308839 0.285659 0.316208 0.346596 0.285441 0.333358 0.278801 0.274658 0.298459 0.301996 0.359288 0.343134 0.35933 0.366055 0.323264 0.286011 0.44665 0.284531 0.453592 0.392031 0.278943 0.272691 0.359365 0.29352 0.293806 0.242407 0.271063 0.286124 0.405315 0.310716 0.327877 0.319352 0.349897 0.328451 0.366236 0.406812 0.337754 0.293141 0.353066 0.29697 0.415972 0.463296 0.271501 0.346798 0.405417 0.34582 0.379449 
0.359708 0.328221 0.355416 0.3129 0.403094 0.324528 0.329197 0.499173 0.279011 0.483345 0.289594 0.300824 0.350883 0.26933 0.335543 0.27242 0.290763 0.322546 0.299701 0.299981 0.257062 0.354431 0.266778 0.255545 0.380641 0.355431 0.290176 0.29644 0.278419 0.310297 0.250444 0.322155 0.374151 0.25436 0.301496 0.283666 0.27875 0.257897 0.394087 0.246706 0.289007 0.357766 0.261225 0.425156 0.289504 0.320844 0.249579 0.255757 0.241367 0.256774 0.269008 0.394215 0.275499 0.279083 0.26964 0.327718 0.329729 0.303729 0.272734 0.276812 0.255585 0.270794 0.342359 0.282058 0.265917 0.333009 0.248429 0.343988 0.294362 0.293677 0.303255 0.290641 0.270011 0.278645 0.277398 0.226946 0.322558 0.334458 0.364861 0.320771 0.266777 0.276126 0.303493 0.307646 0.249329 0.310591 0.420248 0.357984 0.473818 0.335391 0.311233 0.334276 0.303291 0.290119 0.422809 0.322817 0.378624 0.291917 0.389416 0.311584 
0.328262 0.334927 0.317862 0.283297 0.371636 0.266683 0.24658 0.261 0.290978 0.331626 0.324303 0.239132 0.274799 0.321174 0.272467 0.325871 0.303294 0.377289 0.308161 0.325922 0.324885 0.255303 0.330105 0.257717 0.339451 0.29774 0.280977 0.256078 0.315568 0.283117 0.277756 0.345386 0.252828 0.306393 0.273084 0.23039 0.239894 0.300524 0.269099 0.28183 0.36817 0.28921 0.279203 0.245881 0.383139 0.281609 0.264044 0.366284 0.374198 0.281839 0.295552 0.259384 0.275237 0.277552 0.31202 0.308201 0.28425 0.269631 0.350276 0.294959 0.281357 0.382985 0.248049 0.282739 0.239307 0.312978 0.210382 0.247163 0.331635 0.284544 0.250546 0.296116 0.268985 0.261683 0.320002 0.233309 0.246093 0.314431 0.386546 0.314845 0.283464 0.364291 0.285377 0.299223 0.293611 0.30322 0.267826 0.293902 0.328008 0.281887 0.280825 0.298768 0.403878 0.287533 0.42241 0.321278 0.330945 0.275338 0.374671 0.380665 
0.313386 0.364677 0.33909 0.293579 0.265558 0.365049 0.230463 0.260424 0.316205 0.265675 0.274107 0.350692 0.274432 0.245887 0.291241 0.282406 0.299586 0.277021 0.329608 0.273015 0.317445 0.284414 0.322313 0.235515 0.27895 0.358015 0.34507 0.275801 0.277753 0.350724 0.277016 0.275394 0.337222 0.26194 0.352592 0.272264 0.305632 0.3772 0.269479 0.370011 0.274781 0.262439 0.276854 0.272267 0.244989 0.231955 0.290695 0.249151 0.355941 0.298781 0.265358 0.310117 0.288031 0.331422 0.325963 0.257944 0.27521 0.321102 0.28868 0.306596 0.323849 0.424206 0.231381 0.354922 0.240362 0.320643 0.29917 0.304085 0.257316 0.281906 0.310267 0.278243 0.25848 0.318402 0.369932 0.345406 0.265852 0.240853 0.511751 0.320043 0.227742 0.298171 0.36069 0.219687 0.272512 0.269491 0.324616 0.301944 0.289347 0.30728 0.419542 0.370425 0.29959 0.455681 0.371161 0.307136 0.520521 0.360141 0.358506 0.559058 
0.427674 0.351721 0.351383 0.264864 0.288369 0.298993 0.258306 0.353427 0.321229 0.265003 0.374693 0.41029 0.268861 0.280332 0.331576 0.346892 0.317703 0.238095 0.29081 0.295176 0.29353 0.275136 0.23314 0.323226 0.228411 0.247479 0.225773 0.382132 0.331035 0.277684 0.230555 0.260608 0.220493 0.241115 0.273306 0.304428 0.289588 0.273178 0.293454 0.354434 0.29495 0.260134 0.258894 0.286242 0.221428 0.270774 0.356056 0.292284 0.270166 0.263584 0.242914 0.277436 0.308089 0.319741 0.272724 0.267492 0.330949 0.332591 0.278588 0.343297 0.299032 0.22013 0.307892 0.279282 0.222897 0.277965 0.241017 0.227822 0.336172 0.271642 0.256717 0.254028 0.35272 0.2433 0.253649 0.286993 0.272605 0.266494 0.314379 0.311619 0.292936 0.27188 0.251409 0.368588 0.2443 0.262939 0.417681 0.261138 0.322428 0.332048 0.255691 0.352643 0.278678 0.421454 0.315534 0.347581 0.328044 0.482814 0.31969 0.346393 
0.303413 0.427915 0.283482 0.387088 0.319123 0.34846 0.331845 0.263173 0.268657 0.335705 0.306863 0.263767 0.33096 0.292212 0.270185 0.292953 0.27266 0.254364 0.328029 0.252112 0.26576 0.279892 0.379791 0.338787 0.274155 0.306856 0.23658 0.288749 0.293793 0.290326 0.32253 0.255085 0.275305 0.245534 0.239437 0.258485 0.265987 0.244972 0.300076 0.274091 0.258799 0.257292 0.33586 0.28454 0.241225 0.22562 0.341766 0.263694 0.235548 0.376726 0.225125 0.320277 0.292063 0.333511 0.244057 0.264686 0.249631 0.262882 0.295252 0.268906 0.245847 0.328509 0.254707 0.229943 0.278281 0.298922 0.27723 0.264677 0.272046 0.256215 0.271568 0.247702 0.283807 0.292307 0.281443 0.467157 0.226725 0.309161 0.320823 0.304989 0.27386 0.262468 0.348963 0.269932 0.31878 0.291673 0.365021 0.36251 0.302146 0.238735 0.249363 0.31014 0.289398 0.359526 0.284484 0.345761 0.330814 0.256541 0.339106 0.304594 
0.326441 0.309895 0.290946 0.305606 0.278508 0.288481 0.301693 0.329923 0.381206 0.276126 0.338998 0.351555 0.272168 0.262258 0.248708 0.354781 0.284496 0.243031 0.267495 0.245761 0.291063 0.274098 0.235736 0.311941 0.298056 0.226886 0.306599 0.243204 0.278137 0.248087 0.242153 0.287328 0.235802 0.223499 0.245012 0.276335 0.261635 0.254872 0.241273 0.240163 0.268791 0.274143 0.220615 0.264394 0.280196 0.239696 0.261448 0.246141 0.237728 0.245212 0.267138 0.265324 0.288542 0.265754 0.356544 0.251535 0.220038 0.237199 0.257391 0.226105 0.230703 0.315984 0.277705 0.333276 0.243458 0.278503 0.3093 0.281218 0.289658 0.251274 0.223751 0.263237 0.256662 0.222332 0.280467 0.23797 0.250128 0.297739 0.29947 0.218995 0.340538 0.310538 0.304236 0.272585 0.26575 0.276917 0.25173 0.288858 0.249318 0.230346 0.335202 0.299878 0.399573 0.360949 0.362622 0.343838 0.295729 0.261101 0.32546 0.314998 
0.529428 0.335113 0.319859 0.329477 0.280914 0.26856 0.350924 0.240512 0.243261 0.259725 0.284649 0.243415 0.251637 0.281344 0.449758 0.255878 0.225746 0.263098 0.25641 0.258031 0.255637 0.268472 0.245544 0.280914 0.245305 0.243684 0.231432 0.261037 0.257512 0.24076 0.215685 0.228448 0.277031 0.245813 0.260764 0.256661 0.333871 0.279695 0.226411 0.272744 0.263614 0.382602 0.247714 0.243291 0.268108 0.282347 0.235655 0.250197 0.271105 0.256276 0.217708 0.229826 0.239696 0.199659 0.322364 0.270336 0.261923 0.289096 0.245145 0.303245 0.236622 0.263681 0.213023 0.287591 0.311996 0.301592 0.23266 0.268439 0.254556 0.258189 0.251851 0.34419 0.252624 0.253706 0.286483 0.236582 0.243512 0.253373 0.285001 0.261443 0.272881 0.292452 0.252746 0.241151 0.271373 0.366208 0.34269 0.321735 0.24953 0.286722 0.301204 0.236398 0.323898 0.364317 0.323388 0.296887 0.285336 0.339496 0.341072 0.375914 
0.439305 0.327224 0.361409 0.313326 0.319371 0.290011 0.368369 0.271002 0.340067 0.286893 0.302219 0.247928 0.271804 0.275069 0.316047 0.299588 0.242938 0.287394 0.227 0.244496 0.258545 0.278383 0.261093 0.234463 0.242819 0.244325 0.248736 0.323884 0.263432 0.239974 0.312349 0.248994 0.279658 0.298486 0.264786 0.229777 0.254264 0.251978 0.203211 0.328333 0.219068 0.294703 0.215654 0.279843 0.268294 0.255278 0.27496 0.314226 0.252103 0.31396 0.281724 0.301137 0.241816 0.232976 0.246224 0.210067 0.250809 0.251884 0.28813 0.245698 0.397657 0.279716 0.219578 0.256581 0.239024 0.286923 0.262938 0.28554 0.287322 0.294623 0.233804 0.273055 0.21682 0.229682 0.312256 0.256951 0.313062 0.321009 0.231678 0.267999 0.225827 0.278938 0.332828 0.364816 0.248758 0.291576 0.250756 0.243272 0.313723 0.386259 0.315397 0.242075 0.274564 0.261174 0.253479 0.372598 0.295637 0.2963 0.324319 0.453623 
0.262609 0.331776 0.379206 0.301705 0.313959 0.2649 0.245685 0.341438 0.296045 0.357118 0.221303 0.242581 0.297114 0.23973 0.278473 0.288061 0.278684 0.279325 0.341058 0.283906 0.260601 0.26156 0.292346 0.237061 0.25818 0.340765 0.297148 0.21202 0.225506 0.336116 0.31109 0.25492 0.24509 0.234663 0.21816 0.26676 0.222851 0.232312 0.241409 0.256066 0.241017 0.270738 0.232366 0.231589 0.239023 0.262958 0.25677 0.209402 0.262896 0.220291 0.255034 0.210058 0.195596 0.227693 0.233239 0.215129 0.297104 0.244051 0.234757 0.248657 0.255657 0.212754 0.297446 0.224859 0.262626 0.241559 0.25786 0.252754 0.287419 0.299107 0.236178 0.258189 0.356566 0.244971 0.28232 0.232031 0.311524 0.217147 0.252515 0.243421 0.249209 0.261804 0.24389 0.228428 0.243863 0.2238 0.242801 0.214637 0.230194 0.306051 0.272828 0.270262 0.29088 0.255159 0.330215 0.251568 0.252447 0.273868 0.317896 0.27099 
0.396397 0.271597 0.254494 0.275681 0.355258 0.248847 0.279203 0.259212 0.244083 0.310023 0.307211 0.261017 0.252874 0.284315 0.378785 0.255959 0.303595 0.239321 0.226365 0.275319 0.208505 0.270779 0.244286 0.297454 0.245273 0.226149 0.251684 0.230915 0.283368 0.244345 0.251869 0.26824 0.224443 0.259647 0.21743 0.203841 0.242251 0.25385 0.284341 0.23909 0.27178 0.22164 0.228726 0.257451 0.244716 0.242414 0.250762 0.302415 0.21384 0.259694 0.261025 0.212861 0.226997 0.219353 0.294912 0.233623 0.273652 0.239599 0.223569 0.265812 0.225456 0.23768 0.253721 0.241838 0.254979 0.255834 0.225297 0.259323 0.376212 0.223842 0.215488 0.24208 0.284061 0.251401 0.264604 0.269293 0.23891 0.250043 0.228165 0.280418 0.260639 0.270735 0.259867 0.235378 0.325479 0.241426 0.219234 0.298604 0.288423 0.246627 0.294679 0.277463 0.28692 0.250468 0.271926 0.294072 0.219456 0.316451 0.285834 0.308441 
0.369181 0.285189 0.226246 0.267896 0.327118 0.24661 0.274602 0.270925 0.226672 0.252627 0.235311 0.327683 0.333691 0.276545 0.244603 0.289687 0.310978 0.252644 0.291481 0.256748 0.238621 0.273846 0.251911 0.272122 0.276119 0.252481 0.290117 0.234206 0.252583 0.273093 0.234584 0.258511 0.223992 0.210698 0.255799 0.245216 0.202292 0.238071 0.257618 0.225206 0.248911 0.202095 0.194077 0.235836 0.253483 0.209347 0.227215 0.231661 0.213213 0.218756 0.250515 0.243613 0.236805 0.215326 0.224517 0.247294 0.262105 0.251237 0.238959 0.26306 0.256627 0.221652 0.285092 0.202335 0.239819 0.274075 0.260888 0.230543 0.260093 0.195337 0.275332 0.233155 0.211415 0.236186 0.263732 0.27143 0.270523 0.255144 0.263199 0.220914 0.244314 0.260497 0.239858 0.25384 0.426377 0.235506 0.303398 0.290545 0.258817 0.235071 0.250131 0.279516 0.311367 0.254311 0.291707 0.292491 0.242143 0.313877 0.260981 0.348293 
0.300483 0.302251 0.304286 0.356971 0.361838 0.275453 0.213061 0.26394 0.304189 0.284364 0.279088 0.255969 0.232967 0.268072 0.27227 0.271591 0.261608 0.251133 0.244769 0.357759 0.243528 0.244914 0.269206 0.258166 0.224297 0.286809 0.265427 0.197483 0.236843 0.221846 0.205268 0.236442 0.286565 0.197736 0.232763 0.234559 0.23051 0.21217 0.22467 0.249369 0.220541 0.227173 0.256084 0.230612 0.226409 0.229058 0.221531 0.26725 0.248179 0.22792 0.222855 0.247619 0.271464 0.256987 0.225004 0.246146 0.234517 0.229307 0.248617 0.22691 0.195035 0.281427 0.231682 0.283927 0.220321 0.275892 0.212123 0.278367 0.227294 0.30972 0.266166 0.227021 0.278421 0.240648 0.250998 0.300788 0.296966 0.24527 0.229647 0.235927 0.249372 0.250347 0.277906 0.231312 0.270267 0.293434 0.266468 0.256206 0.36633 0.313538 0.326563 0.270966 0.257483 0.255722 0.286374 0.312905 0.289288 0.356202 0.341965 0.307817 
0.285513 0.260288 0.232541 0.323971 0.245741 0.276406 0.255047 0.241641 0.266378 0.247828 0.235686 0.302544 0.262704 0.234326 0.263626 0.217414 0.212853 0.215384 0.217999 0.257735 0.226909 0.260504 0.303133 0.246834 0.224817 0.237549 0.221451 0.207561 0.271543 0.25265 0.22105 0.202343 0.230344 0.245763 0.210213 0.258815 0.180364 0.290831 0.234551 0.298065 0.288685 0.204648 0.224459 0.265319 0.224067 0.259415 0.211677 0.216454 0.197576 0.240428 0.216611 0.244829 0.231048 0.216876 0.217076 0.199154 0.269328 0.226968 0.225492 0.210576 0.212419 0.227355 0.306008 0.280372 0.267495 0.212336 0.230071 0.236641 0.223482 0.216801 0.235198 0.310151 0.244501 0.277771 0.222706 0.217811 0.221703 0.217967 0.233932 0.198843 0.274902 0.245093 0.230598 0.241884 0.281077 0.267821 0.311324 0.251428 0.287748 0.234908 0.220883 0.247771 0.248439 0.277143 0.252457 0.293074 0.263907 0.248768 0.310488 0.315992 
0.275036 0.260608 0.277381 0.31347 0.238297 0.253722 0.289827 0.266649 0.270025 0.222123 0.288778 0.236453 0.22577 0.202719 0.248745 0.265369 0.229957 0.268579 0.264719 0.238591 0.206836 0.21546 0.195006 0.222835 0.246302 0.249232 0.223425 0.231475 0.240625 0.212551 0.226608 0.290423 0.225601 0.21436 0.244151 0.242973 0.218256 0.211317 0.194469 0.212641 0.204835 0.256881 0.211803 0.221083 0.196854 0.184448 0.228824 0.212296 0.205001 0.223523 0.228082 0.256312 0.239354 0.210993 0.221365 0.237227 0.192033 0.222631 0.226148 0.198032 0.2375 0.237734 0.194096 0.217179 0.236396 0.222866 0.209353 0.208012 0.190862 0.229304 0.216624 0.213168 0.218531 0.191825 0.187814 0.233509 0.230897 0.273662 0.207548 0.234437 0.237108 0.219112 0.220979 0.269501 0.258993 0.196389 0.218803 0.23359 0.229635 0.245893 0.227698 0.218907 0.286249 0.246194 0.22974 0.319503 0.244194 0.379106 0.312354 0.29678 
0.349759 0.228738 0.335539 0.233858 0.25622 0.228168 0.253114 0.259197 0.289877 0.233886 0.278345 0.238291 0.232397 0.249802 0.252613 0.234265 0.2314 0.212814 0.272848 0.233533 0.252146 0.23729 0.224647 0.197187 0.26891 0.194998 0.229109 0.214399 0.228973 0.189767 0.226545 0.254365 0.215862 0.208643 0.227343 0.228242 0.213213 0.207499 0.196863 0.270709 0.205336 0.231326 0.206044 0.173084 0.214717 0.192649 0.249154 0.220595 0.194157 0.210592 0.269898 0.204575 0.210382 0.221987 0.225662 0.200051 0.187579 0.188294 0.195645 0.218329 0.223039 0.227628 0.219262 0.207069 0.201824 0.21844 0.192602 0.212986 0.237194 0.220397 0.186658 0.219526 0.237277 0.232648 0.240077 0.240159 0.217947 0.219507 0.221735 0.244613 0.241488 0.226858 0.230453 0.238617 0.246937 0.233203 0.234978 0.244575 0.24678 0.291844 0.242143 0.248224 0.222649 0.214154 0.235545 0.215754 0.281015 0.306723 0.293517 0.395267 
0.237878 0.302183 0.246038 0.268527 0.219469 0.264339 0.222188 0.263586 0.260523 0.277164 0.235333 0.224311 0.24411 0.205313 0.303745 0.238863 0.22117 0.221849 0.242364 0.238692 0.224569 0.167149 0.237969 0.201739 0.188887 0.267922 0.215558 0.25911 0.243926 0.205135 0.187859 0.233207 0.195833 0.195735 0.212289 0.221535 0.225245 0.200244 0.190043 0.194398 0.243968 0.209744 0.21183 0.247546 0.213321 0.236371 0.211303 0.205207 0.260594 0.212729 0.211327 0.19631 0.204378 0.188847 0.225583 0.211529 0.240591 0.179601 0.211206 0.201881 0.207971 0.212419 0.188271 0.240279 0.191681 0.248354 0.216297 0.270228 0.219886 0.22041 0.204603 0.227555 0.214343 0.262886 0.195508 0.222567 0.209001 0.209647 0.283646 0.234527 0.232944 0.223934 0.208599 0.268559 0.21357 0.208343 0.238008 0.2665 0.209798 0.245722 0.26097 0.214734 0.214725 0.272656 0.232083 0.274507 0.273629 0.321963 0.263561 0.275064 
0.310031 0.290129 0.281113 0.265922 0.311408 0.299827 0.215494 0.33022 0.242025 0.23372 0.218617 0.235419 0.199226 0.192993 0.24946 0.221107 0.231911 0.201678 0.197166 0.201828 0.239124 0.230001 0.204016 0.274927 0.215193 0.225454 0.22103 0.230249 0.235449 0.198069 0.192308 0.2142 0.230965 0.191347 0.220784 0.233788 0.203043 0.263593 0.191986 0.202235 0.228544 0.179603 0.197668 0.190342 0.233872 0.20392 0.213188 0.195454 0.191142 0.192676 0.272367 0.19697 0.210588 0.203894 0.220843 0.20076 0.218998 0.203387 0.211855 0.219356 0.200721 0.216926 0.228479 0.209546 0.202106 0.216213 0.231391 0.240893 0.187887 0.176481 0.208277 0.238169 0.204514 0.187793 0.199907 0.201996 0.223293 0.218877 0.223668 0.207736 0.222613 0.193796 0.18202 0.189922 0.282229 0.221516 0.215838 0.217311 0.223782 0.198673 0.283702 0.224176 0.231315 0.211254 0.230508 0.320256 0.262027 0.248838 0.304848 0.334282 
0.248504 0.303034 0.299324 0.270251 0.266763 0.263714 0.23783 0.255289 0.222388 0.256459 0.245904 0.223851 0.234302 0.228561 0.243243 0.269523 0.251864 0.275864 0.193653 0.276104 0.240803 0.198939 0.196667 0.231914 0.221154 0.20443 0.220393 0.214318 0.20364 0.174721 0.170991 0.175899 0.195498 0.21959 0.220216 0.201314 0.200237 0.174776 0.20935 0.213644 0.271307 0.181724 0.16409 0.214439 0.197621 0.196183 0.198042 0.175762 0.20215 0.199294 0.194392 0.178136 0.189272 0.216068 0.189271 0.19057 0.199139 0.221786 0.212209 0.189251 0.204267 0.204006 0.20624 0.219696 0.192635 0.222993 0.210577 0.196725 0.188056 0.209494 0.241223 0.199921 0.224788 0.208053 0.207403 0.225315 0.172371 0.220749 0.19775 0.243899 0.2531 0.236753 0.221564 0.253921 0.213106 0.223312 0.191971 0.243183 0.272086 0.212809 0.219036 0.203576 0.233857 0.225324 0.243179 0.237732 0.273467 0.320512 0.237866 0.348293 
0.249613 0.316197 0.251801 0.299045 0.226024 0.251584 0.282941 0.21977 0.222335 0.264813 0.247265 0.228982 0.194491 0.197615 0.224541 0.193502 0.228562 0.271237 0.226873 0.221921 0.217547 0.234638 0.224217 0.252874 0.20315 0.220595 0.198197 0.209437 0.209064 0.195788 0.218592 0.22789 0.180877 0.226054 0.204006 0.193135 0.212281 0.224675 0.21529 0.199926 0.217903 0.200905 0.218133 0.23369 0.192295 0.196457 0.194458 0.192274 0.195989 0.192911 0.213837 0.203986 0.237688 0.213628 0.185603 0.168771 0.224443 0.204719 0.216438 0.213109 0.185427 0.196123 0.223588 0.203013 0.187206 0.184436 0.217543 0.192163 0.225305 0.184942 0.196605 0.196049 0.185916 0.199805 0.189657 0.230312 0.196316 0.188405 0.185429 0.216592 0.223339 0.237593 0.22951 0.245012 0.214878 0.245032 0.221804 0.217686 0.205942 0.212159 0.210525 0.236911 0.353454 0.30013 0.317346 0.244308 0.25754 0.261505 0.296326 0.281239 
0.267429 0.286192 0.299475 0.240544 0.285206 0.216137 0.256889 0.246299 0.210648 0.231225 0.232287 0.193763 0.210627 0.238425 0.195225 0.215157 0.218502 0.189242 0.220664 0.261251 0.198423 0.220234 0.189953 0.230154 0.181104 0.169916 0.174794 0.220252 0.204385 0.19558 0.245646 0.198147 0.220034 0.212655 0.188738 0.217327 0.179934 0.215402 0.220068 0.209353 0.194956 0.194877 0.225166 0.210793 0.181955 0.225223 0.204816 0.217504 0.178267 0.193549 0.199523 0.215933 0.206098 0.218442 0.196988 0.195409 0.187177 0.174312 0.196274 0.171229 0.190119 0.199261 0.222102 0.198955 0.197902 0.176657 0.184862 0.202421 0.203985 0.176192 0.199635 0.187914 0.186556 0.187175 0.205891 0.208329 0.233529 0.222915 0.192261 0.206363 0.220869 0.193422 0.244132 0.246745 0.227643 0.217749 0.237336 0.235542 0.202429 0.234959 0.21104 0.202555 0.218387 0.22483 0.217094 0.225304 0.244312 0.236138 0.23042 0.27766 
0.272353 0.206072 0.238926 0.208161 0.22197 0.257322 0.210965 0.220402 0.207043 0.213902 0.212841 0.207931 0.19782 0.251837 0.207413 0.223641 0.20083 0.232636 0.195198 0.188165 0.202086 0.194524 0.18191 0.190424 0.22062 0.215562 0.196493 0.208356 0.230418 0.204403 0.183846 0.213947 0.192182 0.175665 0.204433 0.191519 0.198143 0.173471 0.193627 0.238117 0.196238 0.200336 0.21877 0.242527 0.180865 0.194807 0.182801 0.20113 0.219612 0.192841 0.186545 0.183522 0.177083 0.23924 0.202013 0.177011 0.198165 0.219548 0.194182 0.214115 0.165827 0.190679 0.193625 0.213557 0.209701 0.203566 0.212956 0.191988 0.182928 0.192654 0.184121 0.192876 0.174728 0.200919 0.17048 0.218332 0.191198 0.234472 0.188295 0.19448 0.206107 0.214364 0.195166 0.185795 0.212442 0.238013 0.265002 0.202766 0.215521 0.191712 0.224671 0.188359 0.289803 0.201643 0.241014 0.242636 0.246281 0.203739 0.258878 0.262388 
0.226345 0.228143 0.251377 0.256686 0.255496 0.246415 0.245579 0.203804 0.211844 0.194558 0.194417 0.249599 0.225553 0.199645 0.205894 0.2285 0.229244 0.204364 0.196711 0.1999 0.185293 0.189804 0.185299 0.218955 0.180436 0.236075 0.217555 0.17848 0.208047 0.207302 0.191785 0.174715 0.177837 0.165472 0.204275 0.21974 0.189154 0.151575 0.192667 0.193992 0.173607 0.193117 0.188496 0.188307 0.169522 0.172723 0.186078 0.198253 0.225997 0.178104 0.200601 0.18969 0.189537 0.173361 0.19418 0.174702 0.202733 0.178406 0.180808 0.20554 0.190331 0.21221 0.228537 0.212822 0.189791 0.179748 0.155195 0.177567 0.184419 0.205055 0.198012 0.205735 0.192638 0.197428 0.199799 0.183671 0.224921 0.247423 0.227375 0.165896 0.226261 0.223956 0.241456 0.187284 0.196719 0.18642 0.203356 0.196467 0.237162 0.181896 0.203156 0.215931 0.221566 0.25451 0.232677 0.213924 0.253593 0.237245 0.290264 0.263051 
0.212389 0.237945 0.22116 0.247542 0.216668 0.215755 0.207568 0.252915 0.26048 0.256642 0.197677 0.202586 0.213805 0.189672 0.193511 0.218891 0.1979 0.213554 0.21598 0.186014 0.160873 0.193067 0.181282 0.161283 0.185818 0.205851 0.183482 0.173776 0.163672 0.196835 0.203283 0.186967 0.204959 0.169061 0.199964 0.207894 0.184916 0.215429 0.188063 0.182741 0.176442 0.19905 0.183209 0.183559 0.196874 0.167355 0.172189 0.182454 0.190022 0.179121 0.192902 0.178829 0.225143 0.180019 0.216232 0.201058 0.152095 0.199309 0.17832 0.174121 0.193792 0.195508 0.217264 0.178989 0.223238 0.173421 0.151598 0.172261 0.203943 0.166224 0.194509 0.202597 0.16837 0.20139 0.192754 0.213603 0.216855 0.178546 0.19252 0.20612 0.211963 0.204537 0.207212 0.197641 0.205694 0.210747 0.194872 0.194211 0.209242 0.248747 0.204625 0.199749 0.25152 0.217656 0.239081 0.261681 0.217066 0.259129 0.343429 0.340784 
0.200418 0.254752 0.21629 0.194153 0.264048 0.240464 0.221355 0.243392 0.199919 0.209286 0.232087 0.187054 0.19525 0.221515 0.205307 0.212788 0.189158 0.179533 0.207306 0.239038 0.170312 0.212319 0.181279 0.200281 0.16493 0.19691 0.173821 0.19022 0.180848 0.183724 0.18191 0.180746 0.188517 0.16877 0.18474 0.17159 0.187344 0.174515 0.176943 0.196825 0.1886 0.211562 0.177506 0.159078 0.172366 0.241452 0.173389 0.187352 0.170164 0.179746 0.189175 0.180452 0.176522 0.219441 0.169978 0.190896 0.181604 0.220232 0.181822 0.208432 0.173626 0.165529 0.184427 0.184849 0.188295 0.17972 0.166685 0.186334 0.201275 0.196475 0.172303 0.209808 0.172675 0.248332 0.188563 0.18115 0.18803 0.190566 0.202994 0.210077 0.194107 0.185515 0.18845 0.18864 0.217932 0.206592 0.190271 0.17257 0.199957 0.20178 0.231535 0.218625 0.227486 0.222983 0.226067 0.213487 0.231071 0.205168 0.252229 0.243167 
0.223905 0.2639 0.289447 0.240069 0.195407 0.181813 0.216003 0.235732 0.215601 0.18845 0.211105 0.206292 0.17576 0.16797 0.162466 0.217202 0.207628 0.197694 0.21344 0.238557 0.213114 0.171022 0.195993 0.179455 0.182124 0.177431 0.170088 0.189492 0.185859 0.189808 0.169563 0.178843 0.203585 0.172764 0.170928 0.175998 0.172113 0.1779 0.185315 0.191992 0.165119 0.173784 0.18943 0.166751 0.165497 0.192937 0.17759 0.208808 0.154476 0.187909 0.174725 0.196405 0.170578 0.233162 0.167813 0.172986 0.200223 0.170755 0.165281 0.152861 0.177813 0.17723 0.178204 0.1804 0.18359 0.187227 0.185465 0.159613 0.194291 0.189548 0.204494 0.19064 0.199785 0.198638 0.189641 0.184546 0.20662 0.187533 0.185588 0.212331 0.184379 0.194136 0.20592 0.190267 0.201898 0.18788 0.173816 0.199946 0.210011 0.187426 0.240632 0.208995 0.210419 0.229854 0.211896 0.196083 0.275767 0.277619 0.238329 0.26499 
0.248589 0.220306 0.266709 0.259535 0.175345 0.191105 0.201899 0.193846 0.210426 0.219928 0.239461 0.182717 0.206772 0.201349 0.221464 0.201796 0.194297 0.17458 0.191539 0.185313 0.177022 0.193197 0.199172 0.162588 0.183468 0.196711 0.16476 0.17303 0.187739 0.192241 0.162744 0.171415 0.186255 0.175649 0.187574 0.195946 0.158637 0.152996 0.167671 0.177065 0.205157 0.18529 0.177789 0.16144 0.160765 0.192888 0.177342 0.165796 0.172522 0.174699 0.168506 0.168248 0.159656 0.163426 0.15378 0.152683 0.145548 0.173517 0.175304 0.186349 0.169274 0.18034 0.181585 0.182375 0.186447 0.186784 0.167283 0.196716 0.183505 0.148203 0.17415 0.157248 0.184027 0.186038 0.203252 0.193598 0.211563 0.177819 0.185674 0.207295 0.169 0.186978 0.218271 0.203958 0.17239 0.186679 0.195588 0.18458 0.186316 0.178321 0.234866 0.181288 0.220602 0.251735 0.211103 0.202098 0.243846 0.186049 0.219485 0.273784 
0.282979 0.2325 0.222588 0.193514 0.182479 0.19437 0.219426 0.222168 0.185556 0.210949 0.190874 0.23626 0.189208 0.183457 0.222154 0.187256 0.164288 0.186918 0.178821 0.174242 0.170296 0.168306 0.182094 0.165287 0.166022 0.185376 0.213844 0.171443 0.175015 0.191725 0.198456 0.180712 0.167609 0.18691 0.162508 0.191224 0.185951 0.173729 0.191053 0.191951 0.183003 0.174641 0.14423 0.165594 0.155117 0.172428 0.18865 0.169382 0.177462 0.182052 0.169219 0.150777 0.196978 0.165479 0.160105 0.175594 0.167309 0.161923 0.155611 0.157253 0.162342 0.171966 0.177146 0.175013 0.172578 0.1687 0.202253 0.180739 0.203127 0.171674 0.159873 0.171754 0.206114 0.171718 0.163405 0.175152 0.189567 0.177073 0.198665 0.180253 0.180554 0.164524 0.219111 0.194162 0.222386 0.179058 0.2271 0.181449 0.185246 0.155878 0.204497 0.197608 0.232769 0.236137 0.241919 0.211158 0.226732 0.236669 0.198566 0.253292 
0.236909 0.240005 0.21579 0.228415 0.215434 0.225818 0.21839 0.2047 0.224552 0.1762 0.177224 0.179953 0.215754 0.172187 0.173846 0.168359 0.192719 0.215946 0.213117 0.191515 0.182953 0.204261 0.172766 0.180478 0.227307 0.158907 0.187405 0.155019 0.168894 0.173493 0.17072 0.168677 0.166647 0.147532 0.184789 0.182264 0.166996 0.177004 0.180557 0.165263 0.163278 0.175243 0.166203 0.175453 0.167899 0.180752 0.168729 0.152569 0.153563 0.169788 0.159435 0.165501 0.148225 0.157077 0.152468 0.144783 0.150417 0.16197 0.14475 0.174398 0.154523 0.162103 0.198163 0.182273 0.178417 0.185779 0.186695 0.165728 0.223615 0.195739 0.175619 0.173974 0.180915 0.163951 0.191823 0.173854 0.178221 0.184447 0.189809 0.20759 0.193363 0.177704 0.173235 0.2002 0.196977 0.216866 0.203553 0.182936 0.202931 0.214739 0.212183 0.199302 0.193757 0.205468 0.248249 0.215503 0.195208 0.199009 0.281623 0.30346 
0.292678 0.243496 0.232153 0.253967 0.229828 0.175575 0.181878 0.203255 0.198976 0.238172 0.224103 0.222032 0.189101 0.208494 0.221871 0.171956 0.204372 0.189362 0.192811 0.175484 0.178437 0.176125 0.164929 0.156355 0.172283 0.20523 0.172589 0.164037 0.191431 0.155676 0.175364 0.158729 0.157727 0.189452 0.189183 0.203132 0.196891 0.172677 0.159756 0.171231 0.174213 0.171411 0.164093 0.164698 0.168272 0.162174 0.166584 0.163153 0.154792 0.171408 0.178536 0.168343 0.152991 0.175661 0.187864 0.180352 0.195534 0.176994 0.165466 0.167653 0.144891 0.168256 0.195106 0.155735 0.165975 0.153363 0.163368 0.160118 0.192782 0.166274 0.174763 0.170544 0.175631 0.168485 0.188582 0.174172 0.179346 0.158282 0.187104 0.186934 0.177284 0.172496 0.200249 0.185856 0.188172 0.206877 0.175789 0.20106 0.20946 0.191223 0.186905 0.226955 0.207024 0.214397 0.204746 0.22859 0.209243 0.232331 0.240422 0.194644 
0.330779 0.200656 0.200987 0.214073 0.220689 0.202377 0.225459 0.174404 0.189424 0.208094 0.225023 0.196465 0.174621 0.195429 0.18492 0.189642 0.173328 0.180011 0.188459 0.183081 0.183767 0.207933 0.170805 0.200321 0.18296 0.172574 0.170394 0.169757 0.167655 0.164849 0.177619 0.181467 0.19214 0.175947 0.157617 0.191282 0.178175 0.188678 0.146309 0.143034 0.157841 0.16589 0.171167 0.138731 0.176628 0.167435 0.197338 0.183067 0.169306 0.184286 0.152113 0.186788 0.155991 0.160762 0.155331 0.165098 0.146599 0.170836 0.181658 0.151954 0.160626 0.151206 0.168431 0.204446 0.152973 0.182999 0.16924 0.155022 0.171964 0.175126 0.173997 0.19304 0.18554 0.181699 0.165187 0.155398 0.170771 0.182787 0.176205 0.173634 0.205811 0.175994 0.206954 0.174416 0.192101 0.191193 0.18321 0.20631 0.197788 0.203647 0.227974 0.178932 0.228571 0.231867 0.199555 0.205323 0.196259 0.227898 0.230815 0.23774 
0.253172 0.265015 0.20211 0.181332 0.20424 0.223922 0.18034 0.195093 0.19406 0.171707 0.191933 0.202148 0.177734 0.170895 0.189835 0.19193 0.201849 0.161445 0.169716 0.174731 0.202332 0.207794 0.183677 0.171337 0.172481 0.194461 0.18568 0.210143 0.175907 0.189283 0.163249 0.150966 0.179608 0.161208 0.159211 0.156138 0.163211 0.169699 0.165826 0.166791 0.156967 0.159998 0.168452 0.193756 0.16684 0.177159 0.170691 0.148546 0.170289 0.184345 0.162717 0.153279 0.159075 0.171488 0.155453 0.15882 0.151829 0.151886 0.174776 0.156923 0.170204 0.194196 0.198879 0.172305 0.181494 0.152107 0.162187 0.146429 0.151108 0.171599 0.147546 0.167858 0.163442 0.153188 0.167705 0.198332 0.181337 0.185749 0.180083 0.180096 0.175049 0.193974 0.178864 0.196559 0.174991 0.16752 0.187328 0.236499 0.20401 0.219476 0.195862 0.200284 0.194155 0.21423 0.226359 0.219673 0.210606 0.227663 0.22439 0.235326 
0.275861 0.250128 0.222371 0.227548 0.204865 0.20551 0.214138 0.196441 0.201243 0.191829 0.186899 0.225198 0.198255 0.177471 0.163597 0.178437 0.16316 0.176256 0.170749 0.18643 0.170031 0.162491 0.180387 0.172739 0.164071 0.185354 0.16183 0.159641 0.176778 0.141121 0.143497 0.179106 0.150623 0.162381 0.158676 0.177184 0.156555 0.173116 0.17172 0.169683 0.149735 0.16864 0.170565 0.17113 0.173638 0.159407 0.174987 0.168514 0.15475 0.151124 0.167423 0.176811 0.166972 0.171686 0.150279 0.167999 0.169492 0.168515 0.188054 0.145439 0.162149 0.163776 0.17479 0.16326 0.184695 0.174636 0.149114 0.176948 0.172562 0.202283 0.183416 0.185808 0.228063 0.196984 0.150526 0.195477 0.179682 0.183832 0.162029 0.199614 0.163468 0.176472 0.176211 0.156957 0.179508 0.193103 0.211516 0.182406 0.200343 0.211622 0.188215 0.207751 0.213057 0.202028 0.193684 0.189932 0.204847 0.235516 0.215212 0.218354 
0.216949 0.200294 0.194455 0.173278 0.224584 0.213204 0.222368 0.187203 0.22894 0.193992 0.178156 0.179169 0.168383 0.195992 0.186855 0.180287 0.172077 0.201166 0.180067 0.208137 0.182803 0.167828 0.176397 0.203893 0.157917 0.169727 0.17316 0.169134 0.17131 0.170582 0.166983 0.17005 0.182448 0.179788 0.176993 0.167069 0.176862 0.158725 0.170331 0.155116 0.179675 0.160615 0.160585 0.166686 0.164592 0.141603 0.180556 0.154123 0.169415 0.165476 0.14334 0.170838 0.177593 0.155076 0.153688 0.168029 0.138667 0.159985 0.156541 0.158254 0.171659 0.163848 0.161264 0.153715 0.166747 0.168839 0.159564 0.15641 0.189081 0.206849 0.172727 0.174451 0.159275 0.176463 0.177416 0.158833 0.178428 0.177502 0.197333 0.191721 0.164029 0.154817 0.17274 0.177006 0.156887 0.204673 0.178192 0.18021 0.189925 0.18151 0.178783 0.1903 0.224862 0.224615 0.218215 0.205222 0.179611 0.207164 0.20841 0.281037 
0.281107 0.226987 0.270474 0.269973 0.215798 0.229948 0.190861 0.196124 0.194911 0.18883 0.210019 0.198033 0.171446 0.180998 0.168596 0.163763 0.16287 0.153408 0.19413 0.175747 0.197724 0.171118 0.157078 0.17325 0.194681 0.213406 0.179262 0.155505 0.237584 0.170427 0.172683 0.168738 0.168377 0.171278 0.173646 0.161051 0.175174 0.163234 0.176522 0.167165 0.170292 0.170795 0.175703 0.150948 0.162478 0.159717 0.179145 0.166386 0.176692 0.157938 0.158952 0.150687 0.162129 0.165815 0.160139 0.158562 0.173005 0.183851 0.171482 0.149235 0.163933 0.173251 0.144265 0.164617 0.166872 0.164562 0.156384 0.162079 0.175374 0.15958 0.147453 0.174539 0.150779 0.168576 0.171452 0.161041 0.148306 0.161922 0.168054 0.159384 0.173975 0.177945 0.200783 0.166635 0.186979 0.194954 0.176907 0.193852 0.177446 0.174181 0.165177 0.193186 0.195829 0.214038 0.198263 0.234217 0.215519 0.201741 0.256128 0.240137 
0.232833 0.273609 0.231071 0.199135 0.224457 0.192637 0.197024 0.203532 0.202141 0.171808 0.174338 0.197731 0.175712 0.18772 0.157357 0.180034 0.179309 0.187652 0.191792 0.180354 0.166195 0.159729 0.163231 0.182046 0.173311 0.207393 0.18916 0.163977 0.181749 0.156284 0.184724 0.163352 0.18172 0.157213 0.177367 0.152275 0.15518 0.171684 0.181448 0.15967 0.15836 0.150006 0.158415 0.159298 0.169758 0.15037 0.153446 0.172685 0.150344 0.152657 0.170529 0.171299 0.150218 0.155561 0.149189 0.147893 0.162566 0.158049 0.182099 0.164919 0.169877 0.152307 0.162262 0.187069 0.15003 0.186829 0.140321 0.157606 0.14472 0.164601 0.170972 0.171605 0.168855 0.189069 0.157939 0.16852 0.159054 0.206283 0.169128 0.187479 0.160088 0.175286 0.178037 0.167209 0.193196 0.175038 0.183726 0.185829 0.195931 0.216685 0.187791 0.189162 0.218387 0.194819 0.21366 0.211438 0.232112 0.214956 0.181849 0.282733 
0.298475 0.201723 0.244155 0.192029 0.254174 0.221046 0.207914 0.177622 0.199118 0.201088 0.197872 0.206525 0.219686 0.213549 0.182915 0.197497 0.189674 0.185751 0.171138 0.182509 0.174943 0.167107 0.185987 0.161793 0.167748 0.207235 0.178234 0.177273 0.165822 0.165748 0.15852 0.154171 0.154852 0.157648 0.162011 0.154872 0.159068 0.164159 0.175306 0.155574 0.187318 0.191635 0.155609 0.159171 0.138256 0.169598 0.174582 0.1726 0.167046 0.167678 0.148025 0.168012 0.160877 0.173884 0.144754 0.167884 0.168832 0.151276 0.181622 0.169933 0.185833 0.162319 0.157171 0.179354 0.155321 0.181286 0.15563 0.161798 0.172395 0.156288 0.172991 0.179837 0.187985 0.139562 0.194867 0.162879 0.198902 0.19024 0.170945 0.207739 0.177277 0.201572 0.189016 0.183483 0.176124 0.18195 0.197044 0.157178 0.20255 0.199662 0.181096 0.204499 0.230737 0.18438 0.21014 0.21695 0.216667 0.221244 0.233901 0.235899 
0.245255 0.210791 0.204657 0.237702 0.209615 0.234648 0.205801 0.199271 0.20366 0.232437 0.217161 0.204468 0.191209 0.205713 0.178115 0.192534 0.190652 0.170398 0.188171 0.171474 0.170016 0.183821 0.190837 0.161083 0.165051 0.181601 0.160552 0.177538 0.186845 0.15578 0.166183 0.190346 0.168667 0.155821 0.173403 0.176493 0.169372 0.1876 0.158234 0.169658 0.169413 0.154781 0.166863 0.155235 0.177482 0.143869 0.159782 0.163277 0.183052 0.157476 0.151235 0.179141 0.158438 0.168576 0.156352 0.185019 0.155439 0.152655 0.191798 0.167051 0.163403 0.170116 0.149995 0.153589 0.173089 0.168128 0.145996 0.167023 0.168974 0.178208 0.161084 0.170128 0.168511 0.192386 0.173773 0.203147 0.162698 0.161093 0.170664 0.16995 0.175159 0.188507 0.172503 0.21904 0.192415 0.184739 0.172159 0.180124 0.166191 0.167919 0.188477 0.203958 0.207021 0.22948 0.184572 0.21282 0.206197 0.229965 0.232646 0.239318 
0.22422 0.255521 0.244173 0.217163 0.183251 0.20213 0.214201 0.220029 0.218567 0.218054 0.188609 0.218851 0.187694 0.1913 0.200278 0.161874 0.190009 0.16126 0.205179 0.229746 0.197692 0.180055 0.184381 0.194999 0.174929 0.169358 0.17121 0.187875 0.184802 0.189316 0.186053 0.168068 0.171027 0.165402 0.170861 0.161357 0.16667 0.163055 0.152353 0.165446 0.175903 0.18731 0.178263 0.181174 0.169388 0.168822 0.154811 0.162639 0.189785 0.152801 0.153075 0.175423 0.157845 0.164099 0.151868 0.168042 0.182217 0.154642 0.171252 0.179479 0.173517 0.17836 0.178812 0.183034 0.192602 0.17788 0.161046 0.17921 0.157018 0.184999 0.161415 0.176132 0.157915 0.185289 0.19899 0.191685 0.190864 0.197366 0.199007 0.180249 0.169682 0.191458 0.18906 0.167974 0.176095 0.179191 0.187526 0.182146 0.186564 0.220443 0.200942 0.209398 0.214938 0.202542 0.216476 0.257504 0.236303 0.301394 0.23891 0.333296 
0.227855 0.209063 0.214833 0.216725 0.205257 0.215336 0.17752 0.20479 0.260011 0.201457 0.1904 0.213067 0.216029 0.196195 0.187927 0.200011 0.189783 0.189718 0.187363 0.178797 0.256057 0.200969 0.178347 0.182623 0.197267 0.1736 0.150892 0.191592 0.171036 0.184872 0.182027 0.151502 0.16799 0.167393 0.168153 0.170045 0.162302 0.174586 0.170534 0.174197 0.159334 0.174558 0.155404 0.143509 0.156935 0.160654 0.152363 0.160381 0.174118 0.171006 0.172566 0.173677 0.190131 0.177755 0.172285 0.185669 0.184067 0.170401 0.176367 0.173229 0.16145 0.176924 0.159629 0.183774 0.165775 0.18944 0.168237 0.144868 0.175158 0.18197 0.203569 0.211044 0.189334 0.187971 0.183195 0.183601 0.17402 0.145044 0.168317 0.209585 0.176049 0.188625 0.198157 0.196411 0.20807 0.219832 0.21928 0.200325 0.188013 0.231291 0.229909 0.222047 0.224612 0.193485 0.232292 0.200781 0.249997 0.236476 0.275001 0.236791 
0.349619 0.253586 0.197954 0.204238 0.244641 0.194573 0.211661 0.211111 0.184129 0.22026 0.210497 0.198078 0.218813 0.19528 0.213325 0.18801 0.196854 0.178994 0.198968 0.195852 0.189338 0.181977 0.173498 0.207772 0.1961 0.17836 0.182339 0.185924 0.208494 0.19769 0.172741 0.179954 0.157736 0.182998 0.208984 0.158403 0.181312 0.191735 0.195772 0.190105 0.168856 0.19692 0.159939 0.164794 0.160822 0.177418 0.198321 0.164183 0.182978 0.16935 0.150655 0.175506 0.174987 0.184112 0.169497 0.184446 0.167187 0.151681 0.16842 0.189177 0.180697 0.16887 0.202848 0.156195 0.173984 0.176944 0.173866 0.167631 0.182053 0.182892 0.182311 0.16852 0.17934 0.200006 0.196341 0.174913 0.211948 0.17608 0.191188 0.201319 0.176889 0.19579 0.199861 0.205973 0.205495 0.197664 0.193703 0.242178 0.197769 0.217852 0.196216 0.195899 0.214337 0.244477 0.222549 0.269347 0.242974 0.290326 0.23802 0.250635 
0.221893 0.266698 0.25929 0.294587 0.246798 0.20468 0.253811 0.213725 0.226294 0.260976 0.20639 0.205872 0.19222 0.221174 0.19817 0.213257 0.20007 0.19432 0.173022 0.222101 0.189413 0.207136 0.190691 0.214425 0.195837 0.22185 0.191144 0.181484 0.185801 0.246705 0.192919 0.177016 0.181214 0.185014 0.184909 0.267367 0.163418 0.191906 0.168697 0.186318 0.16803 0.168519 0.254736 0.190697 0.173807 0.178792 0.158444 0.190774 0.177894 0.17852 0.15804 0.189771 0.178774 0.197782 0.193619 0.182123 0.187877 0.20291 0.18476 0.198406 0.203022 0.180232 0.177636 0.197605 0.192556 0.183779 0.221158 0.156678 0.16709 0.219701 0.168936 0.195263 0.210231 0.184341 0.212779 0.193691 0.17682 0.19557 0.191465 0.212832 0.212236 0.197964 0.180682 0.192095 0.191958 0.199449 0.193246 0.225224 0.233703 0.225115 0.243337 0.229226 0.233722 0.223584 0.278485 0.252229 0.232592 0.2512 0.239863 0.261651 
0.331352 0.326576 0.268728 0.2728 0.222476 0.256595 0.228989 0.20611 0.201882 0.222658 0.230405 0.229702 0.191041 0.226421 0.242336 0.255999 0.196517 0.194334 0.190895 0.206565 0.207421 0.20236 0.184042 0.171195 0.183603 0.216422 0.189604 0.225254 0.250587 0.220591 0.196825 0.177718 0.211219 0.178217 0.186872 0.179696 0.201426 0.193368 0.176273 0.176115 0.16597 0.185443 0.16873 0.185741 0.177635 0.224676 0.171314 0.157134 0.19183 0.176595 0.177623 0.174226 0.180829 0.185278 0.182935 0.197545 0.182269 0.184692 0.192966 0.182206 0.166648 0.19205 0.193296 0.189115 0.179441 0.199608 0.193687 0.192372 0.191848 0.208605 0.198432 0.234764 0.202789 0.217053 0.191381 0.191912 0.215033 0.223983 0.196207 0.234002 0.200901 0.230082 0.186276 0.182603 0.213591 0.202289 0.210646 0.240952 0.206132 0.227331 0.233473 0.231298 0.208002 0.276886 0.212187 0.237438 0.290306 0.329389 0.352224 0.326562 
0.374506 0.258498 0.256742 0.267745 0.244478 0.235892 0.244387 0.231498 0.238205 0.242911 0.226958 0.255326 0.26261 0.205376 0.249727 0.2321 0.260774 0.236263 0.252502 0.199918 0.233676 0.226456 0.202167 0.244489 0.242402 0.251848 0.220526 0.182775 0.22007 0.201889 0.205728 0.182665 0.247407 0.200113 0.202283 0.186263 0.194711 0.256066 0.210791 0.204041 0.193409 0.195329 0.209733 0.217373 0.228989 0.186684 0.178903 0.192044 0.184031 0.192784 0.177088 0.193035 0.19636 0.207723 0.187134 0.187478 0.194647 0.177951 0.171527 0.196801 0.189243 0.222689 0.225369 0.221538 0.220513 0.223795 0.204334 0.19642 0.225968 0.182117 0.217977 0.224479 0.198914 0.197775 0.245491 0.231923 0.214749 0.239297 0.256186 0.189045 0.247526 0.242512 0.196736 0.20209 0.264269 0.222265 0.238146 0.237491 0.28994 0.227271 0.214252 0.23251 0.223378 0.233918 0.273257 0.224602 0.284838 0.301219 0.333899 0.335379 
0.389206 0.415659 0.406331 0.32049 0.241512 0.31006 0.307275 0.331388 0.252808 0.267174 0.287188 0.266222 0.228859 0.203108 0.27579 0.23686 0.231202 0.22666 0.271175 0.260645 0.259932 0.320649 0.207522 0.206835 0.240214 0.251385 0.216379 0.256361 0.238938 0.207303 0.219155 0.234412 0.250467 0.205139 0.196924 0.247903 0.232489 0.19262 0.223593 0.215654 0.207668 0.195403 0.236755 0.221987 0.218286 0.194735 0.183149 0.188342 0.196908 0.198417 0.21414 0.202082 0.168344 0.229101 0.212759 0.20242 0.220096 0.20376 0.227758 0.236152 0.221694 0.254244 0.190112 0.206264 0.211725 0.247167 0.207909 0.20023 0.278681 0.241705 0.20949 0.260899 0.227794 0.264954 0.269238 0.256041 0.221052 0.258544 0.214296 0.221627 0.290709 0.231934 0.265925 0.252627 0.263101 0.256836 0.228368 0.220407 0.24756 0.305193 0.300637 0.301546 0.274637 0.29878 0.297674 0.293081 0.344309 0.265093 0.33163 0.435641 
0.354051 0.382714 0.41548 0.304473 0.348636 0.274701 0.23506 0.275224 0.215534 0.343173 0.420157 0.321465 0.276774 0.28164 0.331124 0.283565 0.33633 0.283899 0.323418 0.247331 0.203577 0.343778 0.248072 0.229641 0.224735 0.281342 0.24039 0.196112 0.265735 0.248054 0.218251 0.239225 0.239079 0.254559 0.239926 0.247456 0.238098 0.258528 0.257809 0.207068 0.259525 0.215605 0.241196 0.233182 0.225721 0.2952 0.28959 0.225541 0.249479 0.245411 0.215604 0.212841 0.234765 0.249654 0.24615 0.228029 0.21529 0.262662 0.284355 0.22903 0.255553 0.220862 0.307963 0.250351 0.240777 0.284241 0.245206 0.309225 0.231398 0.239282 0.244563 0.29317 0.308909 0.236017 0.251202 0.307264 0.281389 0.23045 0.237822 0.284529 0.207557 0.252342 0.29222 0.314266 0.247238 0.320915 0.28568 0.247789 0.283102 0.266281 0.27975 0.317989 0.35121 0.30713 0.296333 0.323745 0.309801 0.312464 0.315596 0.358519 
0.573255 0.373301 0.336305 0.352861 0.334906 0.311527 0.342679 0.411328 0.331202 0.310813 0.43014 0.327182 0.322568 0.308532 0.379452 0.294242 0.313674 0.287863 0.23416 0.356432 0.391467 0.411143 0.398039 0.261095 0.297422 0.246859 0.244814 0.302083 0.285494 0.283705 0.336095 0.257597 0.3849 0.216195 0.221094 0.255317 0.261855 0.261427 0.271882 0.242837 0.276166 0.259536 0.250659 0.28106 0.243079 0.268612 0.293647 0.264817 0.305843 0.272618 0.278797 0.268812 0.277639 0.254848 0.298375 0.248082 0.286207 0.266288 0.236438 0.275455 0.2896 0.260213 0.372122 0.25708 0.306412 0.255206 0.353614 0.243098 0.262009 0.246009 0.247315 0.261119 0.351957 0.274739 0.317414 0.271335 0.247987 0.399856 0.315261 0.34504 0.327989 0.285829 0.303393 0.269541 0.339307 0.279723 0.315382 0.409047 0.327464 0.451171 0.377312 0.283889 0.287059 0.292298 0.419642 0.339189 0.423064 0.463938 0.338465 0.501843 
0.447045 0.461527 0.475225 0.375548 0.386043 0.532032 0.388745 0.365989 0.464157 0.294522 0.343539 0.422117 0.397037 0.410524 0.41508 0.342701 0.370603 0.346784 0.40585 0.357471 0.453388 0.296744 0.333835 0.362238 0.305303 0.347629 0.320298 0.406454 0.363398 0.39046 0.36834 0.432713 0.300453 0.328217 0.272631 0.302964 0.38347 0.326385 0.234982 0.274545 0.367997 0.333616 0.328361 0.360842 0.292222 0.289998 0.282325 0.280855 0.360995 0.290112 0.314654 0.311044 0.242359 0.286621 0.325046 0.383682 0.286287 0.338899 0.319777 0.32269 0.298515 0.296871 0.444803 0.398413 0.298309 0.289787 0.399444 0.403469 0.332052 0.264446 0.343432 0.39396 0.450945 0.317834 0.356154 0.356631 0.321269 0.305012 0.520208 0.341857 0.407543 0.349876 0.434271 0.32414 0.383452 0.364101 0.453673 0.47299 0.37228 0.591813 0.507899 0.383452 0.40805 0.375307 0.41784 0.558104 0.39018 0.652188 0.339115 0.568853 
0.631585 0.617093 0.406614 0.731713 0.596426 0.545471 0.475544 0.428791 0.488329 0.384599 0.504099 0.470612 0.536779 0.566482 0.406695 0.458234 0.380789 0.441217 0.365817 0.449498 0.537347 0.358495 0.642459 0.477316 0.512217 0.448336 0.419377 0.577013 0.473803 0.356165 0.330371 0.455245 0.359254 0.4363 0.362783 0.404185 0.424901 0.48117 0.423804 0.467013 0.399936 0.453965 0.48684 0.395359 0.437221 0.34003 0.363643 0.346777 0.299262 0.339166 0.472779 0.35256 0.438752 0.495171 0.322071 0.30007 0.404759 0.507546 0.465104 0.501511 0.556717 0.649326 0.551734 0.3984 0.358846 0.471821 0.503717 0.378689 0.557571 0.493778 0.505998 0.392774 0.69214 0.437472 0.414058 0.414819 0.488259 0.441324 0.431553 0.452926 0.429942 0.594727 0.416197 0.545427 0.333457 0.42093 0.594706 0.528547 0.581383 0.548579 0.414385 0.680198 0.44888 0.489643 0.615968 0.468108 0.578454 0.437026 0.841991 0.828804 
0.598077 0.436566 0.615558 0.472448 0.624782 0.392556 0.812655 0.648898 0.459904 0.642529 0.440013 0.527151 0.441616 0.653273 0.435157 0.384843 0.539349 0.518292 0.921439 0.579738 0.600439 0.520748 0.518023 0.584042 0.762161 0.389824 0.378958 0.453615 0.51009 0.482667 0.519904 0.337026 0.553668 0.475429 0.434744 0.499083 0.522521 0.629488 0.40165 0.469036 0.489259 0.432401 0.391322 0.484889 0.357684 0.348659 0.364886 0.43978 0.416806 0.363559 0.611301 0.392466 0.452652 0.391194 0.462543 0.36438 0.318946 0.353027 0.369764 0.415336 0.579283 0.460451 0.396518 0.462692 0.577171 0.316287 0.472801 0.476538 0.440367 0.613136 0.418996 0.384153 0.718626 0.606079 0.820103 0.588469 0.638695 0.422649 0.595246 0.601389 0.833202 0.519653 0.47245 0.449089 0.68784 0.554866 0.481462 0.662131 0.516612 0.591264 0.603564 0.705262 0.941993 0.576248 0.437095 0.532241 0.607965 0.469414 0.858033 0.477205 
0.62357 1 0.658396 0.373596 0.830757 0.683445 0.65761 0.426328 0.589025 0.516748 0.520791 0.485176 0.523089 0.542188 0.764496 0.883198 0.569052 0.501039 0.386609 0.513701 0.545473 0.564029 0.693883 0.764827 0.453022 0.461105 0.517223 0.352162 0.556505 0.388203 0.416806 0.567203 0.552333 0.472655 0.48718 0.550014 0.521013 0.438228 0.530167 0.550357 0.529496 0.646652 0.478454 0.782258 0.709605 0.609981 0.42313 0.369067 0.497334 0.54966 0.452819 0.444362 0.432538 0.411928 0.371171 0.553826 0.602675 0.490492 0.719592 0.512954 0.428627 0.457177 0.548879 0.915994 0.385447 0.509747 0.801489 0.641387 0.46292 0.590592 0.648886 0.697654 0.485741 0.399718 0.447541 0.476457 0.616055 0.489555 0.748928 0.51444 0.684553 0.539227 0.813038 0.663455 0.539291 0.795619 0.723878 0.646798 0.849676 0.67827 0.937627 0.688911 0.519844 0.657801 0.702945 0.593266 0.439965 0.585892 0.573566 0.919846 
0.634867 0.65997 0.777293 0.684318 0.890159 0.593422 0.72511 0.825446 0.589755 0.452507 0.723142 0.752469 0.83841 0.471791 0.77624 0.539184 0.570416 0.37733 0.618151 0.764451 0.605751 0.586191 0.890412 0.544645 0.711697 0.656949 0.547074 0.564726 0.861612 0.373403 0.666174 0.55573 0.619073 0.96403 0.609626 0.500633 0.840551 0.442789 0.55642 0.381262 0.52966 0.395944 0.567761 0.809666 0.620933 0.473612 0.927294 0.528091 0.419078 0.675182 0.581701 0.649762 0.503295 0.529282 0.418284 0.575289 0.673595 0.462586 0.574575 0.412872 0.330216 0.857387 0.42578 0.446906 0.555187 0.606594 0.49227 0.64413 0.864632 0.540534 0.410214 0.874145 0.764922 0.580147 0.420035 0.61357 0.414816 0.64883 0.67845 0.460916 0.705705 0.703938 0.514524 0.779266 0.523482 0.635128 0.853157 0.632329 0.421279 1 0.84275 0.837534 0.965859 0.562816 0.702033 0.732383 1 1 0.898581 0.878373 
0.771112 0.686547 0.740782 0.770332 0.528616 0.62064 0.882011 1 0.880426 0.46741 0.863631 0.775789 0.832787 0.650948 0.574503 0.399118 0.903256 0.462087 0.55714 0.70814 0.664735 1 0.92775 0.645451 0.763068 0.642858 0.589715 0.777236 0.87167 0.50307 0.904305 0.536141 0.624695 0.429184 0.662855 0.695076 0.463852 0.562165 0.642396 0.868933 0.683081 0.39798 0.832339 0.5718 0.456766 0.660397 0.961297 0.440054 0.709255 0.617086 0.730576 0.804287 0.561563 0.513574 0.536649 0.862964 0.672779 0.629811 0.804631 0.863779 0.70446 0.584639 0.630052 0.628703 0.460352 0.684398 0.817249 0.489124 0.712556 0.479782 0.656346 0.441454 0.837127 0.852422 0.656935 0.764066 0.709699 1 0.387136 0.633694 0.776114 0.873135 0.81082 1 0.6343 0.570116 0.535417 0.711773 0.671732 0.833844 0.703778 0.519067 0.687028 0.849475 1 0.661351 0.445855 0.77731 0.840818 1 
0.560602 1 0.721515 0.706372 1 1 0.744277 1 0.771417 0.941805 1 1 0.924118 0.962177 1 1 0.719278 0.467856 0.78527 0.665656 0.575191 0.653451 0.719379 0.959137 0.887771 0.663548 0.519406 0.678123 0.865303 0.904268 0.882145 0.717922 0.795679 0.78376 1 0.94733 0.603424 0.577248 0.795372 0.767653 0.497023 0.773495 0.704619 0.74698 0.447736 0.507409 0.452678 0.995173 0.489591 1 0.888944 1 0.789464 0.62647 0.463091 0.703921 0.682502 0.607578 0.763352 0.655213 1 0.839867 0.630223 0.600395 0.571264 0.573544 0.798552 0.71069 1 0.677198 0.676627 0.674995 0.56086 0.726753 0.710423 0.928248 0.586853 0.688803 0.907922 0.692922 0.900036 0.650533 0.684636 0.908529 0.557327 0.70819 0.773483 1 0.782762 0.509031 0.586702 0.578702 0.598965 1 0.96825 0.573572 0.846967 1 0.893417 0.904186 
0.681607 1 1 1 0.981192 1 1 1 0.663524 0.59062 0.8665 0.671343 0.8936 0.854481 1 0.571954 0.526844 0.914689 0.852601 0.986415 1 0.932729 0.707608 1 0.671262 0.56381 0.948929 0.62743 0.874164 0.894014 0.992232 0.882295 0.768269 0.85847 0.897449 0.848025 0.88303 1 0.521725 0.75192 1 0.778108 0.515418 1 1 0.527244 0.591841 0.603386 0.761111 0.869872 0.65551 0.644618 0.56533 0.613228 1 0.863626 0.695685 1 0.789822 0.577295 0.832035 0.712651 0.976503 1 0.805659 1 1 0.610035 0.707132 0.997133 1 0.555415 1 0.636755 1 0.876302 0.614211 0.69003 0.566554 0.807279 0.681657 0.832293 0.900052 0.516007 0.752013 0.668706 0.846301 0.729692 0.782361 0.752751 0.702206 0.896263 0.538888 0.881595 0.649145 1 0.934198 1 1 1 
1 1 1 1 1 1 1 0.708808 0.635098 0.636151 1 0.684413 0.686652 0.844144 0.596199 0.678712 0.567584 0.980599 0.917851 1 0.921258 0.862793 0.864095 0.920119 1 1 0.889945 1 0.915603 0.673674 1 0.692686 1 1 0.710745 0.672775 1 1 0.921976 0.988525 0.793504 0.654994 1 0.708848 1 0.974051 1 1 0.753989 0.666088 0.723752 0.950396 0.709206 0.879852 1 0.871974 1 0.822635 1 0.949954 0.711226 1 1 1 1 0.649146 0.885131 0.655175 0.646042 0.813899 0.713867 0.844657 0.917569 0.68668 0.643297 0.776439 0.925967 0.619711 0.669954 0.874413 0.572197 1 0.611291 1 0.806714 1 1 0.568161 1 1 0.846684 0.577724 0.913109 0.491277 0.660213 0.966988 1 1 1 0.712474 
1 1 0.70862 1 0.72887 0.701496 0.939785 0.828688 1 0.688394 0.731403 0.92939 0.722214 1 1 0.689633 0.894922 1 0.687953 0.70394 1 1 0.915187 0.659968 1 0.961557 0.715251 1 0.797611 1 1 1 1 0.543094 0.714105 1 1 0.966748 1 0.779213 1 1 0.91384 1 1 1 0.707214 1 0.656204 0.755097 0.56182 0.56586 0.760149 0.63105 0.730993 0.716567 0.916274 0.958804 1 0.948854 1 0.562009 0.667515 0.592042 1 1 0.968094 1 0.881392 1 0.942896 0.708575 1 0.47141 0.885119 1 1 0.878484 1 0.921502 0.837118 0.701238 0.67716 0.900698 0.708625 0.556397 0.93031 0.733739 0.753601 1 1 1 1 0.856153 0.881422 1 1 1 1 1 
1 1 1 1 1 1 0.915383 0.70351 0.537142 0.921748 0.885762 0.885611 0.708852 0.709881 1 0.886503 1 1 1 1 0.647626 0.970844 1 1 1 1 0.860444 0.927183 0.928094 1 1 1 1 0.942296 1 0.867992 1 1 0.662914 1 1 1 1 1 0.539028 0.757076 0.964993 1 1 1 0.682193 0.99618 0.507369 0.878826 1 0.842721 0.727542 1 0.915908 0.90528 1 0.906367 1 1 1 1 0.878757 1 1 0.925902 0.583873 1 0.7295 1 1 1 1 1 1 1 1 1 1 1 1 1 1 0.875622 1 0.970877 1 1 1 1 1 1 1 0.948812 0.853142 1 
1 0.772579 0.92484 1 1 0.984113 1 0.713187 1 1 0.65311 0.97951 1 0.997748 1 1 1 1 1 1 1 1 1 1 1 1 1 1 1 0.919981 1 1 1 0.851586 1 1 1 1 1 1 1 1 0.708492 0.581595 1 0.78833 1 1 1 0.683862 0.495688 0.863123 1 0.922112 1 0.942022 0.943103 1 0.708705 0.709013 1 1 1 1 1 1 1 1 1 1 1 1 1 1 1 1 0.920017 0.656618 0.711633 1 1 1 1 1 1 1 0.978485 0.988906 0.707663 1 1 0.702019 0.850495 1 1 1 1 1 1 0.940992 
1 0.707255 1 0.901407 1 1 1 1 1 1 0.948774 1 0.732384 0.709107 1 1 1 0.916939 1 1 1 1 0.985454 1 1 1 1 1 0.942739 1 1 1 1 1 1 1 1 1 1 1 1 1 1 1 1 0.809516 1 0.995761 0.710381 0.70871 0.739856 1 1 1 0.736499 1 0.695444 1 1 1 1 1 1 1 1 1 1 1 1 1 1 1 1 1 1 1 1 1 1 1 1 1 1 1 1 1 1 1 1 1 1 1 0.713598 0.913948 0.763189 1 1 1 1 1 
1 1 1 1 1 1 1 1 0.736045 0.92281 1 1 1 1 1 1 1 1 1 0.885085 1 1 1 1 1 1 1 1 1 1 1 1 1 1 1 1 1 1 1 1 1 0.605498 1 1 1 1 1 1 1 0.976384 1 1 1 1 1 1 1 1 1 1 1 1 1 1 1 1 1 1 1 1 1 1 1 1 1 1 1 0.951172 1 1 1 1 1 1 1 1 1 1 1 0.730055 0.715572 1 1 1 0.710147 1 0.952732 1 1 1 
1 1 1 1 1 1 1 1 1 1 1 1 1 1 1 1 1 1 0.966231 1 0.708138 1 1 1 1 1 1 0.805358 1 1 1 1 1 1 0.711794 1 1 1 1 1 1 1 1 1 0.999497 1 1 1 0.594151 1 1 1 1 1 1 1 1 1 1 1 1 1 1 1 1 1 1 1 1 1 1 1 1 1 1 1 1 1 1 1 1 1 1 1 1 1 1 1 1 1 1 1 1 1 1 1 1 1 1 1 
1 1 0.725678 1 1 1 1 1 1 1 1 1 1 1 1 1 1 1 1 1 1 1 1 1 1 1 1 1 1 1 1 1 1 1 1 1 1 1 1 1 1 1 1 1 1 1 1 1 1 1 1 1 1 1 1 1 1 1 1 1 1 1 1 1 1 1 1 1 1 1 1 1 1 1 1 1 1 1 1 1 1 1 1 1 1 1 1 1 1 0.806282 1 1 1 0.735097 0.708149 1 1 1 1 1 
1 1 1 1 1 1 1 1 1 1 1 1 1 1 1 1 1 1 1 1 1 1 1 1 0.995078 1 1 1 1 1 1 1 1 1 1 1 1 1 1 1 1 1 1 1 1 1 1 1 1 1 1 1 1 1 1 1 1 1 1 1 1 1 1 1 1 1 1 1 1 1 1 1 1 1 1 1 1 1 1 1 1 1 1 1 1 1 1 1 1 1 1 1 1 1 1 1 1 1 1 1 
1 0.707373 1 1 1 1 1 1 1 1 1 1 1 1 1 1 1 1 1 1 1 1 1 1 1 1 1 1 1 1 1 1 1 1 1 1 1 1 1 1 1 0.928288 1 1 1 1 1 1 1 1 1 1 1 1 1 1 1 1 1 1 1 1 1 1 1 1 1 1 1 1 1 1 1 1 1 1 1 1 1 1 1 1 1 1 1 1 1 1 1 1 1 1 1 1 1 1 1 1 1 1 
1 1 1 1 1 1 1 1 1 1 1 1 1 1 1 1 1 1 1 1 1 1 1 1 1 1 1 1 1 1 1 1 1 1 1 1 1 1 1 1 1 1 1 1 1 1 1 1 1 1 1 1 1 1 1 1 1 1 1 1 1 1 1 1 1 1 1 1 1 1 1 1 1 1 1 1 1 1 1 1 1 1 1 1 1 1 1 1 1 1 1 1 1 1 1 1 1 1 1 1 
1 1 1 1 1 1 1 1 1 1 1 1 1 1 1 1 1 1 1 1 1 0.967597 1 1 1 1 1 1 1 1 1 1 1 1 1 1 1 1 1 1 1 1 1 1 1 1 1 1 1 1 1 1 1 1 1 1 1 1 1 1 1 1 1 1 1 1 1 1 1 1 1 1 1 1 1 1 1 1 1 0.742775 1 1 1 1 1 1 1 1 1 1 1 1 1 1 1 1 1 1 1 1 
1 1 1 1 1 1 1 1 1 1 1 1 1 1 1 1 1 1 1 1 1 1 1 1 1 1 1 1 1 1 1 1 1 1 1 1 1 1 1 1 1 1 1 1 1 1 1 1 1 1 1 1 1 1 1 1 1 1 1 1 1 1 1 1 1 1 1 1 1 1 1 1 1 1 1 1 1 1 1 1 1 1 1 1 1 1 1 1 1 1 1 1 1 1 1 1 1 1 1 1 
1 1 1 1 1 1 1 1 1 1 1 1 1 1 1 1 1 1 1 1 1 1 1 1 1 1 1 1 1 1 1 1 1 1 1 1 1 1 1 1 1 1 1 1 1 1 1 1 1 1 1 1 1 1 1 1 1 1 1 1 1 1 1 1 1 1 1 1 1 1 1 1 1 1 1 1 1 1 1 1 1 1 1 1 1 1 1 1 1 1 1 1 1 1 1 1 1 1 1 0.981027 
1 1 1 1 1 1 1 1 1 1 1 1 1 1 1 1 1 1 1 1 1 1 1 1 1 1 1 1 1 1 1 1 1 1 1 1 1 1 1 1 1 1 1 1 1 1 1 1 1 1 1 1 1 1 1 1 1 1 1 1 1 1 1 1 1 1 1 1 1 1 1 1 1 1 1 1 1 1 1 1 1 1 1 1 1 1 1 1 1 1 1 1 1 1 1 1 1 1 1 1 
1 1 1 1 1 1 1 1 1 1 1 1 1 1 1 1 1 1 1 1 1 1 1 1 1 1 1 1 1 1 1 1 1 1 1 1 1 1 1 1 1 1 1 1 1 1 1 1 1 1 1 1 1 1 1 1 1 1 1 1 1 1 1 1 1 1 1 1 1 1 1 1 1 1 1 1 1 1 1 1 1 1 1 1 1 1 1 1 1 1 1 1 1 1 1 1 1 1 1 1 
1 1 1 1 1 1 1 1 1 1 1 1 1 1 1 1 1 1 1 1 1 1 1 1 1 1 1 1 1 1 1 1 1 1 1 1 1 1 1 1 1 1 1 1 1 1 1 1 1 1 1 1 1 1 1 1 1 1 1 1 1 1 1 1 1 1 1 1 1 1 1 1 1 1 1 1 1 1 1 1 1 1 1 1 1 1 1 1 1 1 1 1 1 1 1 1 1 1 1 1 
1 1 1 1 1 1 1 1 1 1 1 1 1 1 1 1 1 1 1 1 1 1 1 1 1 1 1 1 1 1 1 1 1 1 1 1 1 1 1 1 1 1 1 1 1 1 1 1 1 1 1 1 1 1 1 1 1 1 1 1 1 1 1 1 1 1 1 1 1 1 1 1 1 1 1 1 1 1 1 1 1 1 1 1 1 1 1 1 1 1 1 1 1 1 1 1 1 1 1 1 
1 1 1 1 1 1 1 1 1 1 1 1 1 1 1 1 1 1 1 1 1 1 1 1 1 1 1 1 1 1 1 1 1 1 1 1 1 1 1 1 1 1 1 1 1 1 1 1 1 1 1 1 1 1 1 1 1 1 1 1 1 1 1 1 1 1 1 1 1 1 1 1 1 1 1 1 1 1 1 1 1 1 1 1 1 1 1 1 1 1 1 1 1 1 1 1 1 1 1 1 
1 1 1 1 1 1 1 1 1 1 1 1 1 1 1 1 1 1 1 1 1 1 1 1 1 1 1 1 1 1 1 1 1 1 1 1 1 1 1 1 1 1 1 1 1 1 1 1 1 1 1 1 1 1 1 1 1 1 1 1 1 1 1 1 1 1 1 1 1 1 1 1 1 1 1 1 1 1 1 1 1 1 1 1 1 1 1 1 1 1 1 1 1 1 1 1 1 1 1 1 
1 1 1 1 1 1 1 1 1 1 1 1 1 1 1 1 1 1 1 1 1 1 1 1 1 1 1 1 1 1 1 1 1 1 1 1 1 1 1 1 1 1 1 1 1 1 1 1 1 1 1 1 1 1 1 1 1 1 1 1 1 1 1 1 1 1 1 1 1 1 1 1 1 1 1 1 1 1 1 1 1 1 1 1 1 1 1 1 1 1 1 1 1 1 1 1 1 1 1 1 
1 1 1 1 1 1 1 1 1 1 1 1 1 1 1 1 1 1 1 1 1 1 1 1 1 1 1 1 1 1 1 1 1 1 1 1 1 1 1 1 1 1 1 1 1 1 1 1 1 1 1 1 1 1 1 1 1 1 1 1 1 1 1 1 1 1 1 1 1 1 1 1 1 1 1 1 1 1 1 1 1 1 1 1 1 1 1 1 1 1 1 1 1 1 1 1 1 1 1 1 
1 1 1 1 1 1 1 1 1 1 1 1 1 1 1 1 1 1 1 1 1 1 1 1 1 1 1 1 1 1 1 1 1 1 1 1 1 1 1 1 1 1 1 1 1 1 1 1 1 1 1 1 1 1 1 1 1 1 1 1 1 1 1 1 1 1 1 1 1 1 1 1 1 1 1 1 1 1 1 1 1 1 1 1 1 1 1 1 1 1 1 1 1 1 1 1 1 1 1 1 
1 1 1 1 1 1 1 1 1 1 1 1 1 1 1 1 1 1 1 1 1 1 1 1 1 1 1 1 1 1 1 1 1 1 1 1 1 1 1 1 1 1 1 1 1 1 1 1 1 1 1 1 1 1 1 1 1 1 1 1 1 1 1 1 1 1 1 1 1 1 1 1 1 1 1 1 1 1 1 1 1 1 1 1 1 1 1 1 1 1 1 1 1 1 1 1 1 1 1 1 
1 1 1 1 1 1 1 1 1 1 1 1 1 1 1 1 1 1 1 1 1 1 1 1 1 1 1 1 1 1 1 1 1 1 1 1 1 1 1 1 1 1 1 1 1 1 1 1 1 1 1 1 1 1 1 1 1 1 1 1 1 1 1 1 1 1 1 1 1 1 1 1 1 1 1 1 1 1 1 1 1 1 1 1 1 1 1 1 1 1 1 1 1 1 1 1 1 1 1 1 
1 1 1 1 1 1 1 1 1 1 1 1 1 1 1 1 1 1 1 1 1 1 1 1 1 1 1 1 1 1 1 1 1 1 1 1 1 1 1 1 1 1 1 1 1 1 1 1 1 1 1 1 1 1 1 1 1 1 1 1 1 1 1 1 1 1 1 1 1 1 1 1 1 1 1 1 1 1 1 1 1 1 1 1 1 1 1 1 1 1 1 1 1 1 1 1 1 1 1 1 
1 1 1 1 1 1 1 1 1 1 1 1 1 1 1 1 1 1 1 1 1 1 1 1 1 1 1 1 1 1 1 1 1 1 1 1 1 1 1 1 1 1 1 1 1 1 1 1 1 1 1 1 1 1 1 1 1 1 1 1 1 1 1 1 1 1 1 1 1 1 1 1 1 1 1 1 1 1 1 1 1 1 1 1 1 1 1 1 1 1 1 1 1 1 1 1 1 1 1 1 
1 1 1 1 1 1 1 1 1 1 1 1 1 1 1 1 1 1 1 1 1 1 1 1 1 1 1 1 1 1 1 1 1 1 1 1 1 1 1 1 1 1 1 1 1 1 1 1 1 1 1 1 1 1 1 1 1 1 1 1 1 1 1 1 1 1 1 1 1 1 1 1 1 1 1 1 1 1 1 1 1 1 1 1 1 1 1 1 1 1 1 1 1 1 1 1 1 1 0.942886 1 
1 1 1 1 1 1 1 1 1 1 1 1 1 1 1 1 1 1 1 1 1 1 1 1 1 1 1 1 1 1 1 1 1 1 1 1 1 1 1 1 1 1 1 1 1 1 1 1 1 1 1 1 1 1 1 1 1 1 1 1 1 1 1 1 1 1 1 1 1 1 1 1 1 1 1 1 1 1 1 1 1 1 1 1 1 1 1 1 1 1 1 1 1 1 1 1 1 1 1 1 
1 1 1 1 1 1 1 1 1 1 1 1 1 1 1 1 1 1 1 1 1 1 1 1 1 1 1 1 1 1 1 1 1 1 1 1 1 1 1 1 1 0.95637 1 1 1 1 1 1 1 1 1 1 1 1 1 1 1 1 1 1 1 1 1 1 1 1 1 1 1 1 1 1 1 1 1 1 1 1 1 1 1 1 1 1 1 1 1 1 1 1 1 1 1 1 1 1 1 1 1 1 
1 1 1 1 1 1 1 1 1 1 1 1 1 1 1 1 1 1 1 1 1 1 1 1 1 1 1 1 1 1 1 1 1 1 1 1 1 1 1 1 1 1 1 1 1 1 1 1 1 1 1 1 1 1 1 1 1 1 1 1 1 1 1 1 1 1 1 1 1 1 1 1 1 1 1 1 1 1 1 1 1 1 1 1 1 1 1 1 1 1 1 1 1 1 1 1 1 1 1 1 
1 1 1 1 1 1 1 1 1 1 1 1 1 1 1 1 1 1 1 1 1 1 1 1 1 1 1 1 1 1 1 1 1 1 1 1 1 1 1 1 1 1 1 1 1 1 1 1 1 1 1 1 1 1 1 1 1 1 1 1 1 1 1 1 1 1 1 1 1 1 1 1 1 1 1 1 1 1 1 1 1 1 1 1 1 1 1 1 1 1 1 1 1 1 1 1 1 1 1 1 
1 1 1 1 1 1 1 1 1 1 1 1 1 1 1 1 1 1 1 1 1 1 1 1 1 1 1 1 1 1 1 1 1 1 1 1 1 1 1 1 1 1 1 1 1 1 1 1 1 1 1 1 1 1 1 1 1 1 1 1 1 1 1 1 1 1 1 1 1 1 1 1 1 1 1 1 1 1 1 1 1 1 1 1 1 1 1 1 1 1 1 1 1 1 1 1 1 1 1 1 
1 1 1 1 1 1 1 1 1 1 1 1 1 1 1 1 1 1 1 1 1 1 1 1 1 1 1 1 1 1 1 1 1 1 1 1 1 1 1 1 1 1 1 1 1 1 1 1 1 1 1 1 1 1 1 1 1 1 1 1 1 1 1 1 1 1 1 1 1 1 1 1 1 1 1 1 1 1 1 1 1 1 1 1 1 1 1 1 1 1 1 1 1 1 1 1 1 1 1 1 
1 1 1 1 1 1 1 1 1 1 1 1 1 1 1 1 1 1 1 1 1 1 1 1 1 1 1 1 1 1 1 1 1 1 1 1 1 1 1 1 1 1 1 1 1 1 1 1 1 1 1 1 1 1 1 1 1 1 1 1 1 1 1 1 1 1 1 1 1 1 1 1 1 1 1 1 1 1 1 1 1 1 1 1 1 1 1 1 1 1 1 1 1 1 1 1 1 1 1 1 
1 1 1 1 1 1 1 1 1 1 1 1 1 1 1 1 1 1 1 1 1 1 1 1 1 1 1 1 1 1 1 1 1 1 1 1 1 1 1 1 1 1 1 1 1 1 1 1 1 1 1 1 1 1 1 1 1 1 1 1 1 1 1 1 1 1 1 1 1 1 1 1 1 1 1 1 1 1 1 1 1 1 1 1 1 1 1 1 1 1 1 1 1 1 1 1 1 1 1 1 
