#################################### 
# Matrix Size= (300,500,1700)
# Resol      = (100,1,1)
# VoxelSize  = (3,500,1700)
# nbVal      = 100
#################################### 
8.074456673
7.867081184
6.969620411
6.728158473
6.32419814
5.937829987
5.397610585
5.183387064
4.699544766
4.348916215
3.940015182
3.608007594
3.441245317
3.156492933
2.94144274
2.739075299
2.609065118
2.330242782
2.132489951
2.049040016
1.807197494
1.762824315
1.577831851
1.459366311
1.274679747
1.27106373
1.209550681
1.058232221
1.034150647
0.8964233233
0.8321140517
0.8029145809
0.7300769963
0.7009535257
0.6127974012
0.5767946295
0.5883351733
0.5667636577
0.4768668989
0.450699467
0.4506457301
0.3937811431
0.3864976511
0.3458445088
0.310431682
0.2632442759
0.2670405755
0.244327605
0.2411616584
0.2072933274
0.1997666506
0.1928096145
0.1801223064
0.1548035016
0.1491966455
0.1241609182
0.1245574742
0.1257695308
0.1011413104
0.09798363726
0.09502946838
0.08634032923
0.08012793848
0.07746699155
0.07714577624
0.05632172714
0.0731011962
0.06751937664
0.04165294531
0.05479742057
0.03521653513
0.03945767361
0.04017788622
0.03314543382
0.03488851054
0.03378939952
0.03018456994
0.04663395653
0.02203562048
0.04016326789
0.02703222173
0.02030645768
0.02663275452
0.01295082053
0.02009350154
0.0177507729
0.01497270831
0.01523036449
0.008264281401
0.01023802328
0.009523372469
0.008849159643
0.0129217627
0.007225792447
0.008429643913
0.01101542854
0.00858887848
0.004558122517
0.01558187151
0.01101977769
