#################################### 
# Matrix Size= (300,500,1700)
# Resol      = (1,100,100)
# VoxelSize  = (300,5,17)
# nbVal      = 10000
#################################### 
0.201175 0.123501 0.273093 0.0942738 0.125436 0.140538 0.039224 0.271105 0.145407 0.147564 0.156748 0.312272 0.205898 0.133435 0.313533 0.317922 0.0924668 0.190111 0.101054 0.149995 0.0678303 0.215807 0.226911 0.137336 0.156399 0.158203 0.185241 0.131883 0.190773 0.194032 0.166455 0.317223 0.226036 0.232151 0.0978672 0.28241 0.142453 0.0858756 0.178293 0.365344 0.368216 0.0946473 0.385729 0.231289 0.175914 0.155808 0.292471 0.170206 0.338414 0.215377 0.222755 0.205131 0.133491 0.127297 0.154965 0.152223 0.24569 0.211455 0.171404 0.0655818 0.190354 0.198973 0.240258 0.24711 0.134703 0.291169 0.501594 0.238775 0.266 0.208497 0.156805 0.145046 0.187278 0.260437 0.193441 0.185581 0.14446 0.0834552 0.00824715 0.220581 0.176446 0.199584 0.359504 0.063834 0.0703833 0.163005 0.231539 0.185043 0.315723 0.195303 0.102451 0.199436 0.141854 0.270671 0.22651 0.221706 0.191069 0.110989 0.239897 0.0600434 
0.181943 0.139192 0.141112 0.0641117 0.237115 0.185515 0.258961 0.0543435 0.133028 0.167264 0.208592 0.160279 0.0994793 0.235196 0.0971922 0.235885 0.1341 0.275198 0.164641 0.231904 0.170995 0.116039 0.254644 0.100094 0.0796792 0.344635 0.266554 0.178281 0.218648 0.253532 0.219574 0.293845 0.313092 0.108192 0.157987 0.125572 0.172297 0.230772 0.281479 0.108334 0.0981924 0.161936 0.223713 0.263307 0.217775 0.287055 0.167767 0.202602 0.0994646 0.160144 0.125235 0.0701679 0.306339 0.306425 0.268471 0.178729 0.237052 0.242272 0.277898 0.0750809 0.0904083 0.104693 0.335216 0.244167 0.207028 0.286717 0.352267 0.177452 0.202642 0.413458 0.311322 0.257864 0.133546 0.241676 0.0610137 0.207494 0.381756 0.181735 0.33816 0.246756 0.118877 0.273662 0.192219 0.082921 0.222523 0.33712 0.251796 0.355075 0.130602 0.428229 0.120038 0.243233 0.117787 0.237692 0.175556 0.0954766 0.31719 0.0729768 0.186044 0.117408 
0.115191 0.286968 0.0980551 0.0915869 0.179998 0.299787 0.129007 0.20188 0.244816 0.299336 0.163721 0.157022 0.114254 0.305439 0.275044 0.361032 0.222783 0.153789 0.258237 0.244607 0.260755 0.185119 0.251394 0.296784 0.411846 0.244467 0.236388 0.22198 0.277893 0.239956 0.280906 0.331658 0.263658 0.223961 0.26113 0.193687 0.374127 0.240496 0.355286 0.234559 0.429603 0.258508 0.230772 0.282972 0.283688 0.293266 0.321566 0.225462 0.123737 0.262924 0.167949 0.262137 0.154462 0.270368 0.396663 0.181192 0.323189 0.244831 0.146006 0.28189 0.366074 0.123357 0.273385 0.280423 0.293434 0.105436 0.233657 0.237491 0.27654 0.190377 0.258071 0.27094 0.125266 0.164979 0.249447 0.208999 0.1938 0.106969 0.24764 0.32618 0.241811 0.33903 0.221012 0.273985 0.233008 0.231223 0.177581 0.124727 0.163131 0.144059 0.288798 0.173178 0.237401 0.081463 0.0954782 0.333858 0.14562 0.173507 0.204611 0.188489 
0.147223 0.215687 0.326196 0.154296 0.164919 0.31787 0.0682671 0.365473 0.269698 0.267215 0.284659 0.29548 0.273402 0.216321 0.304377 0.410394 0.260087 0.149385 0.10223 0.323058 0.334541 0.135711 0.272903 0.306596 0.2038 0.117177 0.397394 0.177237 0.404236 0.284878 0.243446 0.294022 0.304495 0.21983 0.486968 0.185726 0.438873 0.287729 0.193881 0.182664 0.269805 0.186616 0.361815 0.327493 0.267259 0.140112 0.31576 0.257589 0.252547 0.366309 0.193802 0.304892 0.251681 0.133532 0.362948 0.311301 0.292283 0.291343 0.208232 0.402828 0.394556 0.365686 0.340129 0.493828 0.41637 0.320084 0.308499 0.365509 0.308869 0.424483 0.202277 0.223029 0.26966 0.327409 0.285585 0.21548 0.389867 0.20565 0.498754 0.147263 0.290087 0.250729 0.159958 0.250482 0.138082 0.121162 0.169501 0.140352 0.287339 0.208046 0.299596 0.173542 0.245986 0.228288 0.194223 0.342419 0.302827 0.205178 0.167409 0.163541 
0.230638 0.115522 0.160931 0.238339 0.198416 0.21489 0.208533 0.255356 0.309497 0.309065 0.312625 0.161354 0.29847 0.286862 0.165556 0.261458 0.161701 0.16804 0.412269 0.453061 0.171756 0.207093 0.360307 0.120163 0.381631 0.353257 0.400657 0.267823 0.15321 0.350375 0.193863 0.34752 0.327116 0.426572 0.314511 0.282334 0.388935 0.236293 0.36103 0.232748 0.455497 0.311694 0.259104 0.193052 0.266795 0.232933 0.265644 0.265558 0.117073 0.179322 0.135793 0.172365 0.251282 0.309935 0.148703 0.30096 0.27551 0.15875 0.325761 0.227127 0.267577 0.268722 0.344688 0.441679 0.390066 0.389865 0.152192 0.308668 0.304435 0.192231 0.262284 0.359669 0.212656 0.251663 0.348119 0.295719 0.207919 0.216921 0.205503 0.201081 0.245858 0.261006 0.205637 0.198074 0.377927 0.233086 0.366089 0.241082 0.278387 0.18714 0.276066 0.145613 0.240892 0.163736 0.220717 0.271495 0.310644 0.0923407 0.321396 0.211252 
0.0893045 0.280396 0.161216 0.297636 0.134528 0.272527 0.255356 0.223297 0.249193 0.263951 0.251075 0.317868 0.287531 0.402195 0.178769 0.191076 0.195814 0.279501 0.312333 0.131966 0.299125 0.413056 0.254298 0.316412 0.274749 0.454852 0.441055 0.313547 0.352082 0.430755 0.308149 0.287674 0.301411 0.334146 0.27229 0.165024 0.201124 0.413914 0.243534 0.417064 0.471245 0.299457 0.26386 0.130359 0.174904 0.305086 0.245389 0.413702 0.309047 0.193839 0.259046 0.332624 0.263469 0.37533 0.315489 0.306237 0.290175 0.21172 0.326966 0.407569 0.137298 0.4038 0.298573 0.278558 0.308614 0.27146 0.214911 0.437307 0.437896 0.4602 0.440819 0.201939 0.195117 0.22072 0.213254 0.160754 0.256015 0.239093 0.147628 0.263227 0.19899 0.298439 0.172678 0.135263 0.216971 0.291071 0.307629 0.208705 0.300254 0.124257 0.443968 0.396653 0.314917 0.197831 0.230531 0.244365 0.180754 0.268249 0.145797 0.168672 
0.150749 0.165271 0.328373 0.285344 0.241481 0.313386 0.419181 0.130808 0.231052 0.210025 0.315933 0.334035 0.247036 0.205811 0.272213 0.378388 0.338007 0.302606 0.400371 0.316562 0.231448 0.180881 0.306443 0.314179 0.359416 0.0994529 0.31217 0.373915 0.33193 0.253139 0.311026 0.298293 0.29248 0.296585 0.295242 0.324494 0.485309 0.327173 0.235666 0.595377 0.29421 0.387927 0.446131 0.204517 0.270003 0.375769 0.329559 0.30198 0.214846 0.475817 0.164925 0.560358 0.357557 0.278292 0.437253 0.193994 0.239107 0.196218 0.216764 0.477193 0.331322 0.295434 0.218451 0.234439 0.250005 0.439915 0.401924 0.458139 0.500836 0.237301 0.265323 0.382024 0.482699 0.546572 0.218398 0.356228 0.157451 0.127547 0.275556 0.285768 0.19334 0.268528 0.23508 0.199758 0.140344 0.179931 0.252248 0.253429 0.357892 0.332471 0.232593 0.267273 0.188951 0.272063 0.334574 0.306837 0.257545 0.194088 0.136857 0.165837 
0.161569 0.168467 0.262348 0.281301 0.341383 0.364129 0.375743 0.226549 0.237062 0.0999803 0.346423 0.23247 0.25952 0.397803 0.346333 0.327696 0.257527 0.265735 0.358154 0.189008 0.305895 0.446404 0.247953 0.559228 0.217807 0.42469 0.339548 0.136194 0.452332 0.185609 0.159322 0.143857 0.184961 0.255153 0.412724 0.249909 0.185757 0.516138 0.141467 0.347101 0.341859 0.154685 0.341934 0.196312 0.422163 0.41373 0.418687 0.424659 0.294365 0.412366 0.351555 0.273788 0.193273 0.449603 0.149927 0.230772 0.315157 0.458864 0.40079 0.22264 0.318738 0.31618 0.546402 0.634236 0.269599 0.238326 0.403221 0.608157 0.300666 0.248982 0.317385 0.297065 0.158069 0.390832 0.363299 0.282516 0.384005 0.264107 0.21586 0.246407 0.25686 0.0973088 0.397568 0.387724 0.264367 0.175426 0.279488 0.316885 0.201129 0.192604 0.247618 0.51328 0.289684 0.491918 0.233813 0.270033 0.12674 0.21242 0.145644 0.195366 
0.166144 0.0774441 0.219561 0.1826 0.269235 0.421263 0.198886 0.235669 0.265014 0.262427 0.345256 0.187099 0.374423 0.345089 0.287365 0.282699 0.289102 0.498718 0.337656 0.345973 0.236809 0.368884 0.211409 0.285456 0.293824 0.467074 0.27136 0.476956 0.42137 0.358675 0.225296 0.312207 0.425589 0.419034 0.237398 0.323069 0.456976 0.264006 0.375819 0.350079 0.233218 0.356771 0.431401 0.344292 0.609348 0.203289 0.311415 0.403686 0.200363 0.224144 0.235699 0.521484 0.299149 0.304827 0.279922 0.281295 0.468729 0.215339 0.144857 0.57198 0.254759 0.38599 0.290656 0.363461 0.235372 0.224613 0.498426 0.176398 0.170357 0.339605 0.372324 0.498946 0.254416 0.474582 0.443892 0.198875 0.503839 0.423417 0.275577 0.217089 0.409095 0.291707 0.370512 0.211348 0.286049 0.230532 0.298851 0.272479 0.253279 0.337772 0.250842 0.176209 0.357374 0.31166 0.125824 0.191874 0.332712 0.245558 0.26931 0.344002 
0.270336 0.361572 0.226121 0.105575 0.2629 0.215218 0.266251 0.291895 0.105695 0.488768 0.471732 0.404524 0.379534 0.173185 0.178077 0.355417 0.287741 0.304656 0.365703 0.118059 0.21148 0.248005 0.150857 0.134452 0.41295 0.275131 0.21466 0.338652 0.225326 0.383772 0.172565 0.327743 0.293323 0.437529 0.37225 0.178011 0.298864 0.498695 0.287995 0.255871 0.504742 0.236445 0.265882 0.45072 0.291712 0.177887 0.371497 0.277064 0.336546 0.445934 0.187271 0.24849 0.417704 0.307584 0.406546 0.311837 0.294112 0.378835 0.27421 0.423293 0.430496 0.336574 0.345438 0.24586 0.267357 0.252614 0.2358 0.300971 0.374559 0.135404 0.364946 0.120803 0.164269 0.44294 0.390738 0.239334 0.364575 0.373925 0.564499 0.433043 0.376815 0.210648 0.352605 0.321177 0.311381 0.215448 0.261485 0.218637 0.166473 0.272119 0.390626 0.274674 0.376306 0.141885 0.127008 0.477535 0.247126 0.210542 0.270262 0.242678 
0.247649 0.310817 0.218105 0.274419 0.2026 0.314715 0.297568 0.128956 0.417512 0.105914 0.385288 0.394273 0.243654 0.463192 0.286577 0.42335 0.408911 0.268967 0.346939 0.345589 0.489155 0.218033 0.450549 0.50627 0.210619 0.262851 0.395006 0.315216 0.387766 0.32056 0.505615 0.310112 0.209113 0.529054 0.380754 0.346821 0.403349 0.493827 0.174505 0.515723 0.384453 0.250085 0.458132 0.166531 0.400508 0.292152 0.522402 0.481792 0.576317 0.492444 0.476259 0.20084 0.395009 0.370546 0.454344 0.256608 0.268675 0.320811 0.41461 0.388327 0.456322 0.431792 0.251179 0.380294 0.479788 0.279625 0.479899 0.235627 0.357625 0.366095 0.373369 0.38811 0.439449 0.407904 0.396202 0.659372 0.251213 0.267931 0.231621 0.326597 0.448522 0.392852 0.317534 0.348866 0.50759 0.310946 0.176396 0.223656 0.163514 0.282732 0.330638 0.304413 0.33817 0.393142 0.144483 0.316668 0.212669 0.380498 0.187445 0.352855 
0.306672 0.279792 0.322746 0.397872 0.20708 0.463361 0.538655 0.487205 0.414238 0.282869 0.319194 0.539835 0.416969 0.312725 0.41356 0.307468 0.338943 0.19829 0.340143 0.302703 0.272129 0.477503 0.251647 0.507265 0.264759 0.344941 0.422009 0.491212 0.296878 0.381949 0.440844 0.273614 0.48942 0.344498 0.423215 0.601079 0.564425 0.301875 0.424894 0.417636 0.225135 0.34087 0.388174 0.535999 0.229661 0.368122 0.434444 0.222044 0.180845 0.420259 0.381744 0.476966 0.403278 0.433714 0.318944 0.312819 0.375173 0.423546 0.249544 0.344107 0.381628 0.214884 0.578719 0.406315 0.554266 0.297454 0.700886 0.536254 0.285652 0.392423 0.508056 0.370317 0.470198 0.477497 0.317259 0.605291 0.570156 0.333323 0.17577 0.3037 0.394929 0.226121 0.382048 0.359168 0.359567 0.336903 0.436944 0.304617 0.288335 0.414365 0.393613 0.325959 0.189845 0.398408 0.179309 0.341232 0.307483 0.451992 0.221653 0.224847 
0.327452 0.248014 0.276731 0.392582 0.431717 0.237728 0.582905 0.489012 0.319548 0.474674 0.411718 0.243589 0.403087 0.531785 0.393052 0.408517 0.375493 0.423367 0.272337 0.411241 0.264691 0.377947 0.286435 0.600056 0.384302 0.227016 0.246818 0.43143 0.379088 0.252176 0.386525 0.371171 0.26712 0.479468 0.258839 0.444278 0.299902 0.201857 0.409796 0.224375 0.426413 0.434381 0.407192 0.426043 0.577667 0.602495 0.386103 0.537944 0.271213 0.348292 0.430212 0.33832 0.405661 0.304739 0.306362 0.479838 0.430197 0.28281 0.337079 0.310189 0.303749 0.137785 0.613012 0.211158 0.573287 0.307113 0.309328 0.332664 0.437842 0.417739 0.338377 0.429776 0.480052 0.34387 0.231428 0.258738 0.472289 0.582343 0.0988475 0.30658 0.648699 0.337999 0.211704 0.672909 0.448552 0.420741 0.322019 0.358849 0.362051 0.357981 0.191813 0.242144 0.383087 0.112779 0.241018 0.350209 0.0946092 0.234875 0.234148 0.0956388 
0.169345 0.27263 0.24863 0.41169 0.362723 0.353758 0.50611 0.245711 0.297687 0.445241 0.176915 0.100629 0.479797 0.44115 0.295515 0.247002 0.274561 0.558484 0.401034 0.355601 0.357654 0.445165 0.578388 0.261581 0.643207 0.522106 0.616305 0.191116 0.267824 0.417276 0.5595 0.438694 0.660479 0.542488 0.418477 0.328019 0.349394 0.423586 0.31889 0.236184 0.333858 0.497913 0.452855 0.367284 0.682204 0.412454 0.22399 0.370963 0.419462 0.428969 0.529438 0.435641 0.335018 0.291611 0.425119 0.451148 0.285519 0.273797 0.425765 0.260752 0.356683 0.674411 0.343723 0.398655 0.659873 0.390873 0.58639 0.636678 0.261997 0.42196 0.464003 0.501866 0.237567 0.560107 0.513104 0.384387 0.415517 0.459262 0.307316 0.350188 0.334201 0.418484 0.535295 0.199039 0.505064 0.470023 0.166402 0.42691 0.290798 0.309009 0.491175 0.240328 0.413045 0.156881 0.316487 0.253366 0.297509 0.109371 0.313222 0.283143 
0.352019 0.146463 0.436483 0.216845 0.300534 0.231126 0.263779 0.420158 0.466751 0.261792 0.31422 0.466841 0.289196 0.352953 0.448339 0.351898 0.413371 0.511759 0.294404 0.473286 0.463437 0.35238 0.196659 0.269113 0.428176 0.284426 0.598553 0.406179 0.385396 0.383309 0.257277 0.466351 0.366747 0.478415 0.505929 0.475345 0.385388 0.558946 0.34116 0.42069 0.43963 0.493979 0.233216 0.411328 0.52495 0.642903 0.208633 0.439114 0.577468 0.197251 0.629944 0.279428 0.364468 0.285958 0.532409 0.449418 0.506091 0.449156 0.362456 0.414506 0.519956 0.250128 0.483739 0.615583 0.39417 0.34344 0.422595 0.463152 0.429098 0.473468 0.420174 0.539867 0.370455 0.389303 0.393687 0.133736 0.630788 0.337704 0.321348 0.34527 0.460455 0.47643 0.250376 0.426224 0.285708 0.402218 0.245597 0.242255 0.339731 0.573619 0.525628 0.333644 0.373509 0.266421 0.385067 0.283215 0.320375 0.50943 0.274449 0.302693 
0.302722 0.329069 0.380549 0.333649 0.385925 0.371799 0.348782 0.298495 0.184984 0.435342 0.259253 0.267868 0.455851 0.484478 0.549339 0.23915 0.399729 0.527394 0.451406 0.533257 0.370666 0.42509 0.583103 0.32939 0.38468 0.671221 0.33434 0.549564 0.411331 0.553097 0.558826 0.360068 0.567225 0.635425 0.527816 0.435264 0.472464 0.464241 0.56173 0.575821 0.413553 0.437435 0.692818 0.458415 0.394375 0.571464 0.417325 0.528875 0.581889 0.549417 0.381909 0.413472 0.357041 0.457645 0.216459 0.50536 0.693416 0.573467 0.504526 0.639568 0.567274 0.262564 0.399474 0.266279 0.523808 0.381591 0.326306 0.368248 0.400854 0.468119 0.674326 0.448273 0.488852 0.694778 0.372913 0.561289 0.518951 0.355513 0.368688 0.709328 0.263389 0.334722 0.303307 0.430851 0.444263 0.384793 0.501772 0.366902 0.525956 0.61129 0.268048 0.358697 0.157972 0.222435 0.26768 0.236664 0.3961 0.451862 0.297988 0.332226 
0.0811736 0.267019 0.314495 0.30004 0.380327 0.449604 0.216085 0.561893 0.55072 0.499977 0.367877 0.564924 0.464687 0.399448 0.129956 0.492769 0.610778 0.436117 0.511152 0.500004 0.482872 0.419649 0.491839 0.409877 0.539644 0.555945 0.603503 0.470168 0.497808 0.58595 0.720636 0.591417 0.413026 0.534514 0.440143 0.459653 0.243224 0.342952 0.605394 0.397964 0.427724 0.208967 0.515956 0.544504 0.44569 0.417937 0.511834 0.509187 0.406917 0.472672 0.678378 0.583543 0.539315 0.798834 0.313396 0.422626 0.451351 0.411904 0.564851 0.302881 0.565934 0.4661 0.719856 0.413993 0.364216 0.338689 0.615425 0.419385 0.491827 0.480793 0.501904 0.263702 0.503667 0.510426 0.357971 0.587526 0.522873 0.515052 0.374277 0.51331 0.426992 0.397631 0.508299 0.568393 0.362106 0.221873 0.274624 0.293751 0.529024 0.397206 0.310844 0.592537 0.308736 0.244601 0.302544 0.371873 0.385537 0.291811 0.270452 0.196042 
0.140573 0.313037 0.250646 0.358979 0.316855 0.344222 0.230246 0.437952 0.251421 0.37696 0.335377 0.5191 0.436857 0.404164 0.299261 0.33453 0.504441 0.393787 0.66657 0.527259 0.481364 0.421563 0.496624 0.591333 0.532615 0.533109 0.49913 0.297373 0.440264 0.554834 0.329548 0.523714 0.405408 0.32763 0.456969 0.605435 0.507537 0.456625 0.784626 0.2626 0.693093 0.366041 0.681891 0.434809 0.478446 0.476874 0.425297 0.300547 0.496727 0.28471 0.417753 0.3268 0.510917 0.636373 0.511899 0.729471 0.490347 0.48049 0.380161 0.52983 0.167436 0.426721 0.685636 0.491598 0.563135 0.402461 0.455001 0.365765 0.352287 0.36828 0.589696 0.423521 0.64985 0.643171 0.307324 0.491179 0.316596 0.303441 0.576883 0.412405 0.610715 0.418266 0.288621 0.223338 0.551291 0.366355 0.536048 0.535585 0.308102 0.224931 0.34223 0.556529 0.416588 0.456699 0.466717 0.256777 0.346596 0.369639 0.30922 0.0921835 
0.459266 0.315367 0.200199 0.346772 0.325868 0.419928 0.556523 0.260535 0.332261 0.233748 0.685433 0.541038 0.34407 0.592783 0.419319 0.391721 0.399543 0.376978 0.275042 0.396818 0.43763 0.476049 0.341556 0.572405 0.491508 0.272422 0.370487 0.737346 0.633428 0.248258 0.286587 0.523883 0.496482 0.607287 0.654618 0.449941 0.637314 0.593172 0.587454 0.48619 0.558961 0.432904 0.563125 0.616917 0.540413 0.440704 0.489056 0.730582 0.392787 0.675503 0.51401 0.709281 0.870649 0.596018 0.587498 0.701829 0.358655 0.545585 0.542033 0.47484 0.455682 0.734646 0.300187 0.663772 0.436137 0.519772 0.498053 0.493356 0.383493 0.344696 0.589928 0.462234 0.232691 0.540779 0.423134 0.598607 0.28268 0.708813 0.444208 0.551912 0.495996 0.463686 0.535047 0.634735 0.507359 0.645452 0.538596 0.700209 0.679253 0.352023 0.42079 0.437345 0.398394 0.492452 0.271174 0.54243 0.508674 0.408076 0.309409 0.479265 
0.202711 0.457783 0.524315 0.423541 0.233011 0.533724 0.413013 0.437906 0.534008 0.323217 0.337749 0.470736 0.542065 0.42691 0.213189 0.424956 0.341028 0.514762 0.614217 0.405517 0.761403 0.415883 0.504277 0.306532 0.543371 0.615485 0.506955 0.598886 0.406053 0.536603 0.481016 0.398594 0.614518 0.476387 0.605803 0.810864 0.52644 0.485042 0.381688 0.558687 0.405226 0.65176 0.609733 0.451741 0.51486 0.529922 0.479706 0.348784 0.719349 0.452413 0.471927 0.686885 0.634595 0.671746 0.325587 0.56541 0.413687 0.496753 0.604797 0.416761 0.644161 0.587897 0.492712 0.555612 0.486289 0.514903 0.613469 0.443145 0.193102 0.643628 0.694182 0.575494 0.406663 0.499558 0.408229 0.439594 0.516211 0.501009 0.615588 0.391556 0.479055 0.421339 0.452358 0.561568 0.300195 0.543045 0.690457 0.362539 0.39024 0.523312 0.404871 0.404824 0.39224 0.534328 0.432406 0.380731 0.716943 0.297298 0.377358 0.329979 
0.247475 0.407589 0.653216 0.422028 0.250951 0.534379 0.394814 0.434407 0.597725 0.498375 0.605769 0.248647 0.25054 0.428257 0.560503 0.339228 0.303959 0.522321 0.359282 0.48399 0.588769 0.434488 0.451887 0.411024 0.442677 0.505069 0.362258 0.569637 0.482206 0.417326 0.525802 0.433179 0.646448 0.7197 0.441483 0.50661 0.733611 0.539083 0.476363 0.614323 0.523805 0.797239 0.764113 0.53324 0.471703 0.753955 0.614757 0.60574 0.729467 0.666948 0.539361 0.526561 0.561729 0.740047 0.591773 0.525748 0.444552 0.538342 0.526085 0.429401 0.520276 0.624903 0.392195 0.823362 0.581333 0.41734 0.461097 0.590594 0.472002 0.858777 0.413181 0.624294 0.747314 0.592453 0.494104 0.418196 0.425558 0.474041 0.479992 0.716244 0.52634 0.433463 0.521852 0.505291 0.168757 0.585491 0.316743 0.328758 0.487876 0.548847 0.561961 0.425503 0.330269 0.461157 0.375668 0.369915 0.548742 0.306512 0.4619 0.257619 
0.364459 0.350642 0.33254 0.228343 0.243392 0.424204 0.72847 0.446076 0.347267 0.368339 0.3867 0.504513 0.612989 0.457865 0.442552 0.440314 0.434841 0.48608 0.548269 0.207461 0.538648 0.535533 0.430963 0.497094 0.665728 0.350809 0.41453 0.843911 0.577117 0.670296 0.77567 0.57862 0.408086 0.790284 0.550242 0.552474 0.530538 0.698277 0.636701 0.516704 0.685415 0.642257 0.509707 0.618122 0.665158 0.625501 0.641153 0.489919 0.513349 0.612562 0.674778 0.511905 0.441794 0.444775 0.616463 0.468732 0.556039 0.603028 0.517851 0.609239 0.900928 0.406749 0.573428 0.382287 0.668124 0.41652 0.757547 0.409851 0.598527 0.327616 0.439914 0.630012 0.423301 0.530213 0.526871 0.344934 0.347604 0.541102 0.621283 0.529742 0.483553 0.513373 0.358523 0.604307 0.446128 0.367942 0.44831 0.456477 0.206437 0.322887 0.326331 0.451889 0.510783 0.469896 0.401176 0.322468 0.379237 0.233081 0.186496 0.302277 
0.402582 0.45174 0.594175 0.300343 0.555237 0.435776 0.485181 0.483675 0.450598 0.529063 0.626316 0.362214 0.460791 0.588198 0.399259 0.667863 0.692967 0.696238 0.671216 0.488315 0.647823 0.421398 0.315127 0.506343 0.676202 0.559306 0.669901 0.79197 0.44024 0.439704 0.636748 0.790059 0.58307 0.519201 0.744558 0.484768 1.03155 0.337383 0.598235 0.366111 0.388902 0.795305 0.580824 0.435916 0.647573 0.443835 0.71335 0.701541 0.872312 0.516919 0.729685 0.500498 0.517498 0.735845 0.689625 0.794597 0.366576 0.599706 0.657024 0.726364 0.697785 0.606854 0.336188 0.344735 0.424209 0.772739 0.606773 0.558392 0.662689 0.700865 0.574196 0.306138 0.545063 0.382245 0.626568 0.662188 0.657432 0.661221 0.551215 0.786123 0.387991 0.537639 0.598893 0.55023 0.426252 0.460471 0.302418 0.517404 0.339954 0.599715 0.666803 0.548187 0.518983 0.414476 0.509528 0.335906 0.450445 0.549538 0.30626 0.284719 
0.440582 0.455404 0.4018 0.313654 0.560183 0.504271 0.320349 0.452926 0.381414 0.60294 0.362474 0.60155 0.626007 0.835017 0.528549 0.416994 0.613857 0.464223 0.475329 0.574085 0.778698 0.69127 0.846252 0.640802 0.522442 0.491146 0.62411 0.597951 0.584983 0.741892 0.592668 0.386426 0.601263 0.690424 0.527945 0.530512 0.637044 0.711299 0.828669 0.720901 0.755175 0.501617 0.755138 0.613636 0.843103 0.94007 0.640178 0.687033 0.779739 0.594029 0.609176 0.51214 0.504737 0.711616 0.634747 0.565813 0.871828 0.619866 0.648279 0.760905 0.567067 0.543702 0.842867 0.632151 0.538773 0.602228 0.699743 0.741209 0.879107 0.532859 0.677849 0.709088 0.69392 0.857711 0.913264 0.565228 0.537605 0.367115 0.744034 0.52236 0.582078 0.712357 0.659129 0.417575 0.472239 0.825062 0.674755 0.590076 0.594759 0.527482 0.604387 0.704214 0.37135 0.512979 0.647787 0.240372 0.537708 0.173035 0.306289 0.3734 
0.245072 0.607394 0.242616 0.615631 0.466053 0.663546 0.514118 0.457509 0.347565 0.643774 0.399443 0.543897 0.597588 0.511155 0.495717 0.574216 0.58762 0.751685 0.403882 0.581718 0.455953 0.57405 0.652128 0.829287 0.418088 0.853123 0.608876 0.72279 0.610116 0.897357 0.610374 0.419073 0.718756 0.752495 0.586837 0.633079 0.741178 0.762725 0.787622 0.397053 0.730298 0.564901 0.702901 1.09738 0.649789 0.884485 0.504918 0.63857 0.89168 0.756425 0.366987 0.699732 0.761611 0.641992 0.547064 0.83593 0.888056 0.889749 0.812288 0.684504 0.612881 0.643417 0.655646 0.78635 0.803133 0.672143 0.846506 0.711565 0.505551 0.702774 0.898215 0.660834 0.537115 0.632556 0.523933 0.577156 0.647624 0.627592 0.662906 0.540168 0.554576 0.634905 0.631249 0.544982 0.495309 0.599029 0.55088 0.534551 0.513489 0.322257 0.538451 0.570907 0.683932 0.734441 0.568665 0.713468 0.38557 0.316395 0.365306 0.196239 
0.55876 0.333564 0.499697 0.420325 0.644772 0.464348 0.673358 0.43706 0.461057 0.383595 0.573344 0.625544 0.540512 0.832652 0.302708 0.543037 0.62943 0.659813 0.458002 0.534545 0.616748 1.15179 0.596051 0.782238 0.904459 0.445198 0.703594 0.446467 0.517095 0.764253 0.895862 0.582058 0.842034 0.815041 0.689303 0.657698 0.658559 0.771079 0.90917 0.873463 0.536801 0.687688 0.700907 0.447292 0.690668 0.56435 0.705772 0.731449 0.44522 0.707832 0.683096 0.817845 0.732183 0.910221 0.622869 0.689647 0.573412 1.02954 0.790644 0.791691 0.697034 0.677873 0.917694 0.548171 0.886175 0.497167 0.682967 0.45508 0.669243 0.627624 0.800951 0.562827 0.69038 0.440983 0.850367 0.634829 0.748675 0.738283 0.352106 0.585918 0.548065 0.680477 0.706083 0.411064 0.706051 0.747653 0.592627 0.452894 0.732544 0.525052 0.456416 0.709127 0.731439 0.419622 0.595307 0.406665 0.416761 0.309199 0.477303 0.410578 
0.366601 0.399631 0.375825 0.455049 0.313996 0.3489 0.682459 0.264776 0.5615 0.58225 0.666597 0.54347 0.796861 0.858372 0.480241 0.641387 0.599523 0.778463 0.793084 0.813466 0.535096 0.561242 0.751503 0.370361 0.667933 0.64178 0.662155 0.644694 0.557441 0.883845 0.857692 0.687386 0.586704 0.917845 0.6536 0.59976 0.797619 0.408695 0.878474 0.751694 0.592704 1.03695 0.827708 0.84824 0.581101 0.770196 0.689987 0.767191 0.88739 0.883244 0.39089 0.797061 0.687675 0.731926 0.596743 0.786668 0.602426 0.714053 0.695816 0.641706 0.764128 0.654176 0.582033 0.737014 0.768015 0.632035 0.631765 0.522276 0.925679 1.05075 0.686522 0.519721 0.789225 0.900861 0.835766 0.760949 0.595117 0.666163 0.624652 0.752622 0.628751 0.865972 0.912037 0.920634 0.397259 0.644619 0.662813 0.723786 0.616931 0.841859 0.358667 0.657807 0.611895 0.765744 0.59482 0.27759 0.48193 0.540548 0.327077 0.293067 
0.5551 0.382154 0.319115 0.405396 0.436807 0.482229 0.539415 0.488175 0.642084 0.456463 0.468415 0.610607 0.588814 0.59575 0.473317 0.391741 0.500451 0.435426 0.869151 0.399039 0.510119 0.800948 0.855387 0.578734 0.616255 0.759981 0.646251 0.666706 0.783412 1.00032 1.08359 1.04075 0.827606 0.621188 0.635363 0.816485 0.79002 1.08657 0.732441 0.672446 0.362556 1.02709 1.24503 0.656226 0.791774 0.867057 0.76815 1.06494 0.765301 0.797772 0.837435 0.974267 0.930188 0.671272 0.877931 0.855936 0.810474 0.636598 0.68422 0.828251 0.790276 0.801926 0.764785 0.623364 0.892 0.626229 0.726676 0.827636 0.932765 0.696993 0.545529 0.784309 0.601954 0.750312 0.788371 0.634727 1.05115 0.637635 0.855824 0.509643 0.459328 0.538348 0.608079 0.469884 0.710027 0.685568 0.924864 0.551942 0.356999 0.689853 0.622596 0.796097 0.599175 0.630317 0.539321 0.569241 0.440451 0.301094 0.572299 0.22486 
0.518003 0.314123 0.529716 0.330525 0.587158 0.527065 0.398269 0.558466 0.637343 0.396834 0.489785 0.615808 0.878768 0.824435 0.594844 0.819719 0.584085 0.383961 0.605936 0.649778 0.63903 0.484664 0.595538 0.454965 0.789878 0.668419 0.774321 0.744384 0.687868 0.8359 0.621805 0.614671 0.986543 0.580052 0.755348 0.895632 0.736127 0.605475 0.704298 0.825955 0.706896 0.7733 0.656235 0.584016 0.878345 0.882127 0.78065 0.891701 0.816262 0.801988 0.699154 0.787205 0.563038 0.65253 0.902979 1.12632 0.556282 0.784259 0.642292 0.728348 0.909709 0.757031 0.645445 0.781102 0.973226 0.868832 0.643056 0.859888 0.632727 0.93291 0.827748 0.801458 0.884228 0.791235 0.872464 0.583654 0.807093 0.902647 0.93527 0.708792 0.639243 0.538762 0.564837 0.505167 0.702511 0.526142 0.641134 0.679215 0.739339 0.702269 0.734675 0.560467 0.260206 0.313205 0.218533 0.556903 0.48087 0.473343 0.332499 0.423206 
0.406119 0.401547 0.363863 0.555816 0.396814 0.70616 0.442945 0.511438 0.746586 0.588736 0.540926 0.850346 0.702889 0.52323 0.778184 0.655823 0.669671 0.912889 0.577548 0.429343 0.812497 0.711567 0.936501 0.584882 0.975153 1.15252 1.08586 0.67475 0.792128 0.836777 0.457592 0.794776 0.617638 0.625245 0.880741 0.624352 1.05369 0.681404 0.644455 0.745367 0.831909 0.852032 0.614694 0.710523 0.990368 0.614447 0.763482 0.639335 1.03874 0.842553 0.808667 0.642906 0.779839 0.662867 0.802487 0.854954 0.847672 1.05857 0.833657 1.10095 0.869942 0.737585 0.642027 0.760681 0.85046 1.03867 0.913862 0.727041 0.740171 1.04271 0.754443 0.84587 0.915351 0.894385 0.716092 0.69044 0.549696 0.658946 0.893279 0.726972 0.642256 0.843446 0.495632 0.509953 0.605917 0.674987 0.575856 0.582136 0.764792 0.579646 0.706083 0.769496 0.661097 0.669116 0.699457 0.616868 0.503127 0.551749 0.617356 0.425086 
0.452858 0.751529 0.576505 0.726734 0.664449 0.512715 0.741941 0.647257 0.737135 0.688561 0.698281 0.765653 0.847393 0.541266 0.733634 0.620748 0.766509 0.539736 0.863711 0.927676 0.763003 0.859008 0.960474 0.845493 0.589879 0.67423 0.852151 0.735601 0.599165 0.736934 0.96225 0.722593 0.753181 1.02569 0.758196 0.860951 0.739896 1.03415 0.807598 0.499745 0.851138 0.8357 0.662245 0.545793 0.978773 0.7718 1.00543 0.743672 0.573378 0.847072 0.919091 0.9489 1.04824 0.540931 0.780751 0.988457 0.798341 0.650592 0.748782 0.710753 1.17221 0.863045 0.86663 0.679342 0.736159 0.805197 0.666151 0.839714 0.990527 0.868429 0.9536 0.803108 1.09115 0.781884 1.1053 0.652037 0.872428 0.594661 0.866262 0.916223 0.715628 0.68017 0.856034 0.953508 0.706562 0.546873 0.438334 0.765363 0.723046 0.887753 0.627967 0.948486 0.374568 0.792138 0.573521 0.480703 0.504167 0.789775 0.503885 0.48974 
0.649073 0.613316 0.513045 0.485903 0.480519 0.519482 0.47043 0.790673 0.706396 0.818803 0.841305 0.484232 0.623435 0.852678 0.766348 0.596221 0.619708 0.760286 0.81416 0.808335 0.972002 0.905292 0.939419 0.613211 0.993446 0.545031 0.678396 1.0416 0.712286 0.735655 0.878906 1.07055 1.05422 1.15557 0.778858 0.650286 0.933095 1.4327 0.81694 0.832696 1.03402 0.829088 0.881835 0.875055 1.14432 1.08232 0.905017 0.775657 0.629838 1.03013 0.782689 0.866188 0.89029 1.02937 0.834509 1.08976 0.742606 0.972605 1.0309 0.75854 0.842707 0.710646 0.573694 0.653851 0.895973 1.06073 1.33765 0.987973 0.879098 0.735029 0.78237 0.752972 0.813425 0.809092 0.741929 0.967843 0.591557 0.504677 0.582441 1.20797 0.637062 0.624572 0.586301 0.931135 0.80694 0.96813 0.868291 0.872094 0.591112 0.959198 0.756103 0.717027 0.658678 0.470012 0.597548 0.683269 0.504733 0.595881 0.414442 0.485198 
0.764707 0.573932 0.651664 0.549854 0.695749 0.700724 0.765102 0.505623 0.449154 0.452309 0.807402 0.723833 0.699141 0.89006 0.867254 0.640584 0.782903 0.667538 0.653989 0.928197 1.33896 0.874319 0.961381 1.27381 0.930619 0.716086 0.893127 1.0361 1.24736 0.760805 0.760281 0.876894 0.797101 1.16801 0.757763 0.755507 0.913261 0.672743 0.887673 0.983177 0.986954 0.754488 0.971041 0.916155 0.828728 1.12466 1.0891 0.893841 0.851401 0.980294 0.858434 1.06835 0.576571 0.999274 0.654387 0.708859 1.35959 0.784351 1.0338 1.04386 0.812035 0.852777 0.66571 1.05659 0.645431 1.08081 1.43801 1.04074 0.776972 1.2237 0.816178 0.750698 1.13838 0.775556 0.8098 0.663915 0.656928 1.04788 0.888509 0.735805 0.642586 0.764585 0.711704 0.789333 0.775125 0.696116 0.779502 0.886577 0.73715 0.456513 0.748718 0.833426 0.496518 0.634469 0.572969 0.458808 0.634771 0.413323 0.271428 0.234533 
0.817886 0.487342 0.731292 0.828452 0.420111 0.445525 0.637835 0.481978 0.786397 0.728555 0.562743 0.89567 0.814528 0.661667 0.754491 0.712645 0.915516 0.997743 0.743702 0.541037 1.15373 0.7344 0.949294 0.752863 1.19999 0.853351 1.1006 0.854782 1.02149 0.961425 0.977766 0.996193 0.881084 1.09148 0.937626 1.08783 0.918249 1.08841 0.964116 0.803128 0.913344 0.691294 1.05138 1.25883 1.06397 0.447594 1.10941 0.955671 1.057 0.998292 0.84321 0.959993 0.993448 0.600176 1.12676 0.846493 0.921891 0.587778 0.957484 0.702533 1.06848 1.18337 0.92964 0.962026 0.859325 0.998481 1.12819 0.895033 0.780287 0.850594 1.07776 0.788022 1.08704 0.487074 0.889894 0.997833 0.899265 0.874953 0.758215 0.690934 0.796821 0.913806 0.841397 0.910835 0.61497 0.723504 0.903756 1.11614 0.800929 0.799605 0.564951 0.645589 0.654773 0.613389 0.604466 0.647471 0.591444 0.732478 0.487436 0.611672 
0.674037 0.451383 0.405992 0.56616 0.846077 0.98896 0.667345 0.546059 0.670568 0.918614 0.698575 0.782006 1.0758 1.0811 1.26058 0.671208 0.706364 0.812566 0.714442 0.515323 0.678738 1.11399 0.822311 1.0202 0.913099 1.02694 1.03852 0.828915 0.918862 0.837116 1.09623 1.00075 0.688875 1.08114 1.07329 1.01811 1.11372 1.00937 0.876762 0.878378 1.17734 1.0655 0.867383 1.16461 1.18712 0.837323 0.946021 0.668192 1.3565 0.9115 1.04681 0.781349 1.10976 0.522161 1.0858 1.13319 0.747196 1.10958 1.18256 1.3713 0.95047 1.04073 0.958145 0.9751 0.934722 0.902083 0.885677 1.29916 0.854214 0.931464 0.726962 0.854793 0.819475 0.783559 0.9185 0.979054 0.763556 0.924692 0.894786 0.685817 0.986012 0.848145 0.720972 0.871235 0.766521 0.871148 1.09201 0.792358 0.730276 0.843202 0.505055 0.731745 0.744191 0.612706 0.692062 0.825137 0.251812 0.406385 0.544558 0.434832 
0.53582 0.710744 0.425815 0.442293 1.08595 0.879252 0.755603 0.841403 0.713479 0.653882 0.512752 0.97415 0.718617 0.808536 0.632357 0.726682 0.870809 1.08253 0.830549 0.879952 1.01287 0.853422 0.841399 1.24718 0.897451 0.742085 1.20668 1.04412 0.908734 0.841381 1.23567 1.15045 0.905678 0.992117 0.923397 0.815355 1.28955 1.34526 1.09284 1.00957 0.729205 0.922593 1.04542 1.21111 1.28588 0.86568 0.990613 1.1711 1.0446 0.995548 1.16828 1.00367 1.24503 1.12282 1.40238 1.27501 1.52071 0.971133 1.02796 0.891014 1.13394 0.963452 0.943426 0.982218 0.955329 0.951737 1.12433 0.800693 0.912096 1.48402 1.0393 1.25411 0.897587 0.910852 0.785117 0.822216 0.630433 1.01285 0.963888 0.717258 1.11834 0.873359 0.644795 0.795288 1.13308 0.90041 0.835032 0.930012 0.898781 0.980981 0.560161 0.985927 0.645434 0.459893 0.73504 0.795838 0.519539 0.999038 0.720796 0.361269 
0.368887 0.608892 0.685077 0.897028 0.977142 0.852446 0.625113 0.632649 0.915241 0.70536 0.865613 0.551525 0.898434 0.9306 0.628841 0.891711 1.20762 0.929408 1.02369 1.02693 1.11251 1.16202 0.955358 1.13367 1.17172 0.932613 0.668626 1.0563 1.04406 0.854897 0.845276 1.00361 1.1469 0.856645 1.22201 0.788728 0.857926 1.0722 0.834626 0.805728 0.899092 1.04242 1.57485 1.16848 1.35328 1.07682 0.872476 1.04468 1.03785 0.906062 1.07954 1.41907 0.770423 1.20237 1.28466 0.948222 1.05942 1.22386 1.35422 1.32065 1.19083 1.05243 1.00742 1.02029 1.08277 1.10036 0.77538 0.963196 0.744993 1.07916 1.17359 1.08588 0.653336 1.04645 1.22306 1.03432 0.910093 1.04381 0.772498 1.04111 0.988279 1.17838 0.651567 0.810462 0.620066 0.979294 0.58753 0.958213 0.875272 1.35745 0.764087 0.791343 0.626335 0.574736 0.521121 0.667296 0.641492 0.601231 0.806704 0.466393 
0.570929 0.573002 0.679285 0.638025 0.660016 0.635547 0.719905 0.711494 0.61335 1.07647 1.01723 0.959783 0.664707 1.09392 1.03758 1.16862 0.795441 0.653757 0.672089 0.900145 0.942966 0.760473 1.10119 0.950925 0.608119 1.3366 0.864976 1.33074 1.15575 1.06655 1.11392 1.12066 1.11949 1.5072 0.891285 0.945849 1.16163 1.01511 0.99755 1.19597 1.19542 1.02508 1.14948 1.04717 1.10932 0.964333 1.16953 1.42995 1.34456 1.06005 1.24287 1.13083 1.45479 1.28334 1.41371 1.57591 1.48718 1.27051 1.52051 1.07377 1.36844 1.20502 0.798638 0.894597 0.950683 0.911104 0.881089 1.15201 0.609238 0.816228 1.0503 1.07619 0.942249 1.18107 0.826393 1.07115 1.0245 0.847997 0.878663 0.691286 0.81822 0.935694 1.08228 0.731952 0.838776 0.714827 0.718218 0.95203 0.733249 0.641798 0.679432 0.780761 0.887449 0.782421 0.50489 0.762098 0.874954 0.818889 0.393212 0.316894 
0.348312 0.563514 0.619714 0.520884 0.58915 1.0524 0.979643 0.800187 0.891914 0.549235 0.636037 0.651512 0.918372 0.674239 0.577567 1.14035 0.705937 0.893748 0.833006 1.04631 0.949674 1.0663 1.17162 1.36611 1.0926 0.70482 1.0982 1.17947 0.880898 1.31097 1.00004 1.24074 1.38056 0.862833 0.751939 0.662511 0.810131 1.02167 1.24063 1.03663 1.00022 1.01687 1.17565 1.1444 1.14787 1.2354 1.15416 1.13892 1.32531 1.09228 0.974347 1.13007 1.3156 1.0219 0.851072 0.946438 0.772743 1.02085 1.1581 1.14693 1.53556 1.09251 0.748015 1.33609 1.15966 1.36557 1.19491 1.23624 0.819318 1.17926 1.08886 1.12228 1.02094 1.12619 0.888555 1.07377 1.0125 1.23802 0.879266 0.976771 1.059 1.10252 0.743184 0.890281 0.883782 0.739464 1.07607 0.781511 0.697521 0.843787 0.90138 0.636949 0.774161 0.666263 0.713808 0.582211 0.787274 0.588537 0.540762 0.895103 
0.271918 0.831573 0.81884 0.683336 0.643156 0.822073 0.556776 1.09095 0.878754 0.711195 0.623161 0.826395 0.993558 0.833403 0.979398 0.8564 1.09679 0.960041 0.870869 0.92481 0.930179 0.721784 1.1408 0.782804 0.913618 1.02928 1.09749 1.11693 1.13852 1.15695 0.980361 0.957655 0.83988 1.02802 1.35467 0.842191 0.985838 0.866709 1.50601 1.5891 1.2603 1.17923 1.08056 1.68337 0.907368 1.12416 0.863192 0.93215 1.12476 0.926384 1.3589 0.911384 1.33284 1.28483 1.37346 1.06425 1.46186 1.03643 0.885653 1.41137 1.27029 1.438 1.15859 0.743452 1.40399 0.870538 1.06355 1.37541 1.04886 1.09128 0.994724 0.804034 0.905157 0.998736 1.15012 1.37719 1.15877 0.956697 1.06426 1.04048 0.685426 1.06427 0.712095 1.07568 0.882756 0.890708 1.00533 0.750704 0.794643 0.753945 0.586466 1.05801 0.570537 0.565992 0.887709 0.769319 0.846239 0.647085 0.583997 0.56505 
0.491625 0.43635 0.771263 0.995686 0.764667 0.586834 1.03593 0.865332 0.840956 1.12247 0.906901 0.769555 1.03502 1.09705 0.9398 0.874268 0.774363 1.22948 1.09498 1.04762 0.724095 0.719839 0.95714 1.14396 1.063 0.800787 0.894584 0.652166 1.01435 0.881035 1.13322 1.42191 0.972306 1.26372 1.23119 1.3009 1.23588 1.11687 1.13064 1.09229 1.32334 1.26606 1.11457 0.812625 1.21893 0.937715 1.12775 1.38598 1.09489 0.893668 1.17313 1.35564 1.2767 1.03238 1.32415 1.27196 1.41026 1.3662 1.05439 1.26974 1.11754 0.804349 0.819022 1.09084 0.990396 1.40565 1.24509 1.51813 1.40602 1.07541 1.46359 1.11985 1.23701 1.35042 1.15508 0.824418 0.982572 0.946445 0.96355 1.01606 1.03188 0.850917 0.961812 0.812785 0.991018 1.1262 0.911691 0.522345 0.816015 0.655299 0.813904 0.754322 0.862498 0.737837 0.621762 0.570491 0.739444 0.584266 0.554919 0.578868 
0.431798 0.472668 0.650564 0.561034 0.748362 0.752071 0.691003 0.809596 0.791001 0.842412 0.884072 0.598838 0.78857 0.988343 1.24505 0.997337 1.2142 1.02418 1.12126 0.921132 1.10237 1.23941 0.887333 1.07528 1.17204 0.935512 1.23241 1.16608 0.978719 1.68017 1.63906 0.960002 1.43154 1.1825 1.28911 0.964907 1.3304 1.02419 1.10653 1.0036 1.40922 1.0668 1.0829 1.11755 1.11775 1.32672 1.05587 1.07734 1.33523 1.45724 1.03313 0.974148 1.09848 1.06846 1.42279 1.13291 1.02946 1.10035 0.832771 1.58541 1.16542 1.16492 1.0083 1.15734 0.877545 1.02358 1.47114 1.01348 1.05722 0.73587 0.923388 0.938731 0.544924 0.802895 1.40053 0.838651 0.997912 0.962859 1.16009 0.794043 1.15349 0.975294 1.00604 1.28552 0.971625 0.868727 0.732189 0.914956 0.756551 0.690671 0.913566 0.69705 0.710951 0.826316 0.864129 0.903983 0.778568 0.594131 0.644972 0.657885 
0.709205 0.855496 0.861592 1.09686 0.666906 0.711739 0.641207 0.971423 0.619883 0.834963 1.04081 1.02278 1.15648 0.790569 0.8821 0.970287 1.09657 0.728163 0.982595 0.696572 0.912979 1.16077 1.01443 0.697674 1.24643 1.08081 1.0538 1.14663 1.11264 1.06297 1.08991 1.10091 0.984549 0.949549 1.04202 1.1098 0.971137 1.24067 0.926883 1.33524 0.949469 1.20668 1.2449 1.20976 1.14717 1.62417 0.986756 1.301 1.07114 1.13236 1.58394 1.03642 0.956485 1.3186 1.37031 1.11262 1.70004 1.28906 1.32626 1.23092 1.02878 1.17013 1.20735 1.33057 1.16655 1.16067 1.26043 1.38923 0.854392 0.6967 1.07397 1.09063 1.26618 1.04343 0.961825 1.2219 0.926999 1.01358 0.773683 0.907076 1.20641 1.40465 1.05177 0.965614 1.32806 0.74994 1.01013 0.966495 0.864019 0.922832 0.977914 0.877937 0.61063 0.602872 0.671933 0.799646 1.02968 0.72615 0.759989 0.351644 
0.405728 0.597896 0.42298 0.443751 0.666386 0.585283 0.937934 0.792998 0.798161 0.916422 0.713869 0.768788 1.07552 0.861168 1.17338 1.26916 1.24841 1.43195 0.879675 0.999945 0.796666 1.10655 1.33185 1.04965 0.84374 0.671589 1.01425 1.31836 0.499365 1.17541 1.12675 1.1202 1.12193 1.09825 1.04792 1.29312 1.07515 1.19058 1.01407 1.12988 1.01382 1.03098 1.06974 1.47278 1.09727 1.24641 0.936678 1.17045 1.0186 1.23251 1.22344 1.46948 1.20847 1.13986 1.22216 1.29285 1.10204 0.963431 1.07987 1.4233 1.20222 1.04511 1.56871 1.15775 1.1642 1.25251 1.30299 1.16065 1.06993 1.29187 1.48202 1.03245 1.37792 1.07968 1.06085 1.24078 1.46231 1.27724 1.12467 1.32236 1.06155 0.975461 0.760975 1.14715 0.864574 0.873955 1.03225 0.797214 1.04077 1.05748 1.25991 0.93193 0.871449 0.624251 0.835197 0.557372 0.67728 0.776588 0.472315 0.579352 
0.574789 0.395654 0.604509 0.810792 0.639723 0.833866 0.828394 0.745859 0.72363 1.11801 1.0129 0.790068 1.01437 0.904716 1.30143 0.933552 0.988735 0.924419 0.893213 0.982408 1.17756 1.25896 1.16972 0.896287 1.10186 0.762105 0.84477 1.21154 1.00289 1.30633 0.978363 1.25505 0.977329 1.37355 1.05849 1.40508 1.27534 1.13015 0.914776 1.24333 1.30252 1.43486 1.27645 1.23788 1.02694 1.4123 1.4152 1.05465 1.36488 1.42499 1.10567 1.05595 1.45015 1.25098 1.48334 1.53528 1.20741 1.29437 0.935771 1.18576 1.06637 1.40988 1.23008 0.910291 1.39208 0.856047 1.64716 1.27654 1.56549 1.16001 1.10211 1.0341 1.14914 0.877391 1.28456 1.082 1.34168 0.72036 1.1451 0.857481 1.2771 1.0479 0.920208 1.15838 0.796077 1.07522 0.947262 0.907086 0.758625 0.623625 0.888721 0.916183 0.660954 0.858335 0.677457 0.719763 0.605729 0.734306 1.03124 0.407154 
0.365478 0.866719 0.53076 0.829811 0.480662 0.610876 0.723729 1.01491 0.797896 0.767016 0.820827 0.754904 0.605834 0.666221 0.945517 0.820451 0.912777 0.87974 1.15744 0.97828 1.03271 1.13956 0.940266 1.28836 1.2181 0.676925 0.997526 1.02292 1.14145 1.20399 1.29176 1.36808 1.33569 1.31704 1.24826 1.37758 1.29035 1.16348 1.02587 1.32947 0.888763 0.853349 1.30664 1.24981 1.74073 1.11183 1.03208 1.03388 1.15217 1.10124 1.52559 1.16498 1.22358 1.05452 1.56767 1.11971 1.14139 1.37818 0.950217 1.08857 0.899034 1.23378 1.29601 0.968679 1.31473 0.861143 1.32023 1.26492 1.10124 1.36141 1.07843 1.03718 0.923362 1.69667 0.834426 1.25303 0.746562 0.891411 1.10059 0.747576 1.05838 0.746897 0.909463 0.902051 1.04446 0.939585 0.781836 1.4033 0.755521 0.778881 0.959038 0.762138 0.582926 0.934308 0.688146 0.679444 0.681626 0.669378 0.594311 0.622296 
0.529246 0.77064 0.759467 0.503247 0.705865 0.587682 0.775297 0.821803 0.777968 0.597744 0.638862 0.705926 0.899219 0.679286 1.06392 0.839301 0.885676 1.10789 0.823692 1.11697 1.12032 0.927668 0.89375 1.29284 1.18865 0.994192 1.27508 0.950759 0.915816 1.39542 1.20239 0.896757 1.10051 1.3254 1.04779 0.979875 1.11653 0.880686 1.29548 1.10577 1.10514 1.38752 1.20655 1.36683 1.04344 1.56015 1.26772 1.18324 0.914562 1.33357 1.39938 0.965983 1.21559 1.15502 1.24318 0.872201 1.31464 1.39039 0.809837 1.13817 1.19719 1.12644 1.46219 1.38515 1.05356 1.10775 1.55577 1.10063 1.08303 1.03186 1.27581 1.12492 1.09378 0.838488 1.06216 0.726079 1.22194 1.25379 1.10526 1.1084 1.09332 0.915291 1.0972 0.6471 0.900096 0.95018 1.02619 0.995457 1.1844 1.16295 0.944376 0.825761 0.742678 0.599366 0.925234 0.65381 0.763556 0.644678 0.617117 0.599484 
0.664353 0.5234 0.543134 0.660871 0.97589 0.756457 0.669974 0.646256 0.70347 0.70184 0.887894 0.68844 0.930636 0.898147 0.832548 1.21797 0.844625 1.29774 0.722384 0.574872 0.783556 0.980675 0.938431 0.84042 1.03991 1.10834 1.11453 0.853215 0.855476 0.874175 0.852495 1.12928 1.05384 1.07462 1.08681 1.17574 1.18297 1.13244 1.46795 1.19784 0.995806 0.874488 0.957358 0.950999 1.17269 1.10725 1.3498 1.17865 0.822378 1.37619 1.37212 1.03169 1.2436 1.24584 1.43664 1.14399 0.91022 1.30675 1.14747 0.94006 1.0551 0.97669 0.984154 0.882261 0.87047 1.06109 1.25841 0.963716 1.29269 0.845218 1.20449 1.06205 1.33248 0.982476 0.774376 0.827697 0.890974 0.819219 0.802545 0.970668 1.09121 0.891525 0.812724 1.19386 1.06362 1.02642 0.939608 1.00222 0.899174 0.650991 0.802923 0.799875 0.654744 0.752821 0.667749 0.428642 0.59506 0.290073 0.540803 0.2805 
0.636027 0.741926 0.737997 0.675201 0.684745 0.679426 1.04009 0.748033 0.43266 0.812426 0.891795 0.724392 0.706042 0.841524 0.884208 0.803262 0.809656 0.920318 0.925201 0.991588 0.469513 0.736723 1.00918 1.00321 0.855152 1.06308 1.47178 0.862933 1.06235 1.00384 0.902891 1.42193 1.14796 1.0785 1.1835 1.16136 1.22042 1.04794 1.11783 1.0533 1.29023 1.08688 1.26773 1.53409 1.28664 1.24036 1.44204 1.30292 1.02016 1.08443 1.03686 1.00507 0.874458 0.968742 1.10088 0.891952 0.932851 1.06506 1.02469 1.07133 1.24936 1.04087 1.26264 0.982904 1.22655 0.887633 1.11668 1.61663 1.08195 0.958986 0.793941 0.720025 0.956305 0.894244 0.908012 0.913935 1.08959 1.56521 1.15562 0.726447 1.07429 0.876435 0.822258 0.80462 0.74161 0.612282 0.616488 0.749704 0.944485 0.560331 0.610712 0.652353 0.662503 0.889346 0.583368 0.823454 0.484011 0.56991 0.44275 0.594273 
0.260477 0.429106 0.834131 0.75971 0.498265 0.843129 0.757273 0.691273 0.959228 0.646314 0.730611 0.836049 0.723497 0.819978 0.683616 0.935342 0.794134 1.02727 0.854463 0.859598 0.878896 1.00185 1.08634 0.742852 0.802082 0.982509 1.01007 0.890062 0.7166 0.8551 1.1202 0.986086 1.35532 0.901761 0.695648 1.28539 0.987093 0.76827 0.790064 0.877502 1.131 0.730621 1.25036 1.18646 1.23923 1.0122 0.832475 1.23775 0.909498 1.13362 1.44081 1.02879 0.960467 0.911097 1.12283 0.960316 1.12033 1.43472 1.19386 0.92852 0.998694 1.1024 0.711185 1.28388 1.06825 1.01464 1.05486 1.17161 0.958408 1.00378 1.00671 1.11852 1.01216 0.809646 0.859153 1.04548 0.672193 0.964576 0.820835 0.803048 0.986368 0.80882 0.787753 0.753387 0.832831 0.820641 0.883525 0.509324 0.85199 0.656381 0.820824 0.857637 0.713262 0.561526 0.667719 0.432582 0.531779 0.365755 0.569842 0.482773 
0.688255 0.475437 0.483592 0.329451 0.512136 0.804553 0.476626 0.681761 0.626703 0.451683 0.761377 0.750264 0.896956 0.610978 0.835907 0.674354 0.826868 0.768193 1.13245 0.621884 0.878649 0.743323 0.890725 0.638596 0.791228 0.603143 0.877401 0.927811 0.964691 0.432028 0.847889 1.06108 1.02017 0.945975 0.867942 0.356413 1.21504 0.801653 1.14775 0.885049 1.11015 1.13825 0.4612 0.886391 1.0533 0.937157 1.28738 0.867228 0.999504 0.977122 1.32379 0.841466 0.936242 0.829036 0.878503 0.950268 0.941256 0.753548 0.936319 0.83206 0.766757 0.945591 0.995216 0.786431 0.881718 0.967545 0.708838 1.41885 1.19768 0.621692 1.2259 0.774248 0.749626 0.91878 0.687405 0.869592 1.06682 0.82894 0.833496 0.702591 0.680459 0.792823 0.993194 0.902774 0.88352 0.819897 0.88864 0.633701 0.522093 0.592543 0.572451 0.55796 0.60752 0.655285 0.354728 0.498005 0.627058 0.502784 0.614755 0.449724 
0.286334 0.313564 0.453433 0.427838 0.677766 0.494241 0.614036 0.766017 0.804497 0.648018 0.622588 0.574076 0.945545 0.637908 0.529783 0.446957 0.837394 0.886141 0.875046 0.779385 0.769517 0.80422 0.98874 1.11364 0.955615 0.629219 0.875248 0.639682 0.4807 0.657699 0.891847 1.04847 0.745003 0.999576 0.920395 1.06216 0.730397 0.807126 0.995234 0.978753 1.15072 0.927928 1.16449 0.982604 1.05622 0.624419 1.11655 1.30976 0.879028 1.10235 0.912601 1.11528 0.992492 0.88346 0.990654 0.743762 1.0247 0.959911 0.850173 0.906707 1.14589 0.875904 0.879566 0.884397 0.979461 0.798446 0.898232 0.892131 0.877878 0.714111 0.795349 0.554681 0.764764 0.685123 0.85285 0.9045 0.695138 0.651521 0.773502 0.567453 0.78918 0.604932 0.885399 0.962216 0.694483 0.760109 0.721966 0.573116 0.798399 0.635401 0.603101 0.645921 0.735249 0.402441 0.709396 0.553892 0.372918 0.272036 0.238984 0.293947 
0.218233 0.52422 0.491164 0.44572 0.579944 0.60198 0.522696 0.599639 0.604448 0.522418 0.688229 0.462973 0.43538 0.804392 0.502345 0.572885 0.439151 0.541589 0.482654 0.821125 0.557318 0.631837 0.767969 0.531796 0.503853 0.484908 0.599254 1.00398 0.608467 0.81843 0.764961 0.970785 0.415775 0.762123 0.758075 0.9205 0.846275 0.457103 0.677954 0.791365 0.931136 0.902546 0.721474 0.712652 0.587634 0.955008 0.992946 0.866131 0.915353 0.910552 0.947653 0.816479 0.800121 0.720205 0.926412 0.913963 0.876405 1.04439 1.17659 0.802797 0.940683 0.626053 0.624389 0.64133 0.602523 0.632892 0.773455 0.841983 0.644506 1.0135 0.702675 0.654332 0.833437 0.788887 0.479869 0.52692 0.694002 0.536504 0.488343 0.966024 0.540956 0.498914 0.88412 0.825954 0.435894 0.614483 0.5804 0.578834 0.352445 0.611719 0.772776 0.616616 0.653997 0.639338 0.381076 0.671567 0.394991 0.324562 0.306562 0.290903 
0.22542 0.194301 0.160151 0.297133 0.601709 0.335727 0.291067 0.293747 0.527226 0.426354 0.387096 0.443532 0.610335 0.786105 0.414783 0.569526 0.591033 0.679752 0.448532 0.496953 0.456464 0.321725 0.726693 0.738447 0.562501 0.500321 0.684984 0.46744 0.524807 0.731566 0.667008 0.5885 0.478499 0.751157 0.821469 0.479861 0.504297 0.908551 0.616425 0.750938 0.78889 0.855079 0.546674 0.650289 0.597407 0.839058 0.943413 0.902944 0.95163 0.811261 0.694803 0.801167 1.18063 0.621744 0.674132 0.831358 0.640659 0.726671 0.631641 0.590196 0.662769 0.463742 0.894156 0.785876 0.728868 0.524245 0.742368 0.874642 0.36913 0.530012 0.794755 0.432965 0.631406 0.425587 0.452108 0.492536 0.651106 0.502051 0.704433 0.670378 0.334834 0.604381 0.444928 0.510574 0.430744 0.513322 0.649274 0.668084 0.533426 0.307846 0.299124 0.350997 0.432097 0.363399 0.393466 0.363549 0.242678 0.449391 0.232508 0.151097 
0.266481 0.155099 0.143305 0.330131 0.278792 0.436956 0.582797 0.380955 0.726068 0.29471 0.136134 0.308698 0.396331 0.400882 0.315742 0.433321 0.247963 0.372131 0.318165 0.510914 0.824174 0.17395 0.559297 0.678887 0.620183 0.412823 0.585419 0.900361 0.438271 0.526848 0.677106 0.582995 0.609271 0.481525 0.553734 0.500195 0.549051 0.44377 0.490607 0.72726 0.479612 0.691045 0.548422 0.544147 0.618962 0.354615 0.381649 0.630901 0.464212 0.558716 0.7562 0.787863 0.652243 0.462935 0.501538 0.647917 0.712556 0.375151 0.419422 0.626525 0.510207 0.736447 0.296251 0.546463 0.545506 0.411837 0.518366 0.364269 0.671679 0.590959 0.54652 0.408526 0.32261 0.563455 0.50789 0.340287 0.405445 0.6333 0.555062 0.360858 0.789975 0.498333 0.381381 0.328932 0.585276 0.34419 0.349655 0.497083 0.398105 0.47831 0.38364 0.330829 0.235847 0.343483 0.360333 0.332196 0.337298 0.344348 0.315852 0.220676 
0.0770961 0.261132 0.286324 0.247981 0.285866 0.325562 0.266881 0.173609 0.284702 0.32594 0.131635 0.254291 0.32477 0.339297 0.160382 0.388954 0.307434 0.418682 0.576245 0.257972 0.21909 0.171841 0.191064 0.513582 0.377013 0.555906 0.564793 0.289249 0.378836 0.390531 0.294864 0.486419 0.177922 0.755022 0.729802 0.537957 0.459807 0.466301 0.411831 0.531307 0.460026 0.482188 0.511061 0.375282 0.573487 0.449854 0.366059 0.432529 0.277417 0.439093 0.410968 0.428719 0.35908 0.483486 0.3044 0.534704 0.370879 0.451843 0.607816 0.433672 0.354752 0.448506 0.176183 0.531598 0.336856 0.543347 0.264967 0.540784 0.484124 0.548845 0.556775 0.47006 0.274141 0.43838 0.321033 0.475457 0.51269 0.202109 0.273974 0.274408 0.312784 0.396561 0.369829 0.45167 0.263106 0.418168 0.351347 0.1721 0.294084 0.137337 0.249511 0.446827 0.400393 0.417181 0.156849 0.295132 0.184301 0.172857 0.290511 0.13191 
0.143397 0.14107 0.121253 0.249429 0.220468 0.0994679 0.184029 0.254764 0.14042 0.366888 0.28983 0.177639 0.174394 0.185123 0.159974 0.261311 0.217483 0.271409 0.182561 0.241972 0.138999 0.336639 0.284423 0.247372 0.35184 0.256427 0.33161 0.218255 0.255573 0.226438 0.22943 0.163459 0.404254 0.329499 0.463706 0.299871 0.222139 0.28476 0.597789 0.478952 0.23215 0.270509 0.283468 0.196299 0.375413 0.394006 0.399137 0.411343 0.249549 0.397186 0.314705 0.350913 0.594492 0.423852 0.290186 0.169881 0.394757 0.280882 0.346084 0.32129 0.3911 0.398244 0.155446 0.188513 0.308748 0.349999 0.20269 0.182815 0.316474 0.513257 0.277571 0.177443 0.143297 0.345594 0.24169 0.184109 0.344191 0.384805 0.0994109 0.299456 0.18526 0.260643 0.167743 0.314089 0.191659 0.237462 0.164634 0.139548 0.244341 0.0658753 0.131188 0.199455 0.192462 0.250077 0.198299 0.0871214 0.189682 0.0490835 0.0326308 0.0950003 
0.0808043 0.0970138 0.213874 0.0399171 0.0709955 0.123155 0.124202 0.183465 0.127655 0.227802 0.123689 0.112709 0.122329 0.0850238 0.18963 0.138762 0.219578 0.172939 0.247743 0.116265 0.116545 0.258201 0.0564303 0.123772 0.114085 0.156998 0.192718 0.104046 0.129093 0.259008 0.333351 0.135998 0.254385 0.180033 0.256104 0.166088 0.186666 0.134881 0.196933 0.166289 0.205332 0.15444 0.138641 0.228395 0.161622 0.263663 0.205553 0.255348 0.372725 0.273683 0.0900264 0.262508 0.142347 0.144973 0.340327 0.361197 0.211406 0.131945 0.0137175 0.134502 0.0959467 0.0705617 0.0654029 0.196602 0.267295 0.147593 0.116522 0.199686 0.102449 0.114291 0.126638 0.191082 0.0451695 0.164583 0.174402 0.207386 0.14557 0.164291 0.169341 0.14636 0.202296 0.00944987 0.187131 0.0925692 0.273779 0.18335 0.0855369 0.117786 0.0732983 0.0981334 0.201584 0.055123 0.15846 0.15121 0.092549 0.148778 0.0966241 0.197789 0.0411112 0.0458402 
0.0925878 0.145194 0.0791094 0.15986 0.0869623 0.224818 0.0517438 0.0840791 0.156263 0.0670583 0.167099 0.120926 0.163396 0.0540346 0.167521 0.212288 0.0978473 0.121244 0.0346992 0.0989593 0.0859991 0.134941 0.102137 0.0774337 0.0503997 0.226766 0.225171 0.0790345 0.110108 0.096914 0.132225 0.304896 0.102679 0.136932 0.168306 0.130855 0.109183 0.0652914 0.221314 0.136802 0.137991 0.172309 0.197414 0.114653 0.265992 0.260691 0.265518 0.166527 0.172523 0.229975 0.0565072 0.227425 0.167647 0.216752 0.138606 0.246393 0.320547 0.283233 0.265201 0.137797 0.0908136 0.1495 0.226123 0.165582 0.0976361 0.316818 0.151893 0.144259 0.171856 0.090404 0.189174 0.220743 0.0558667 0.100157 0.0333432 0.0986403 0.0476087 0.197909 0.0083479 0.0862342 0.0527192 0.128374 0.173002 0.167782 0.0689271 0.119488 0.164727 0.0779027 0.124796 0.0860321 0.0943932 0.0612646 0.0329367 0.0986862 0.155814 0.124079 0.0887777 0.112504 0.0418758 0.142125 
0.048564 0 0.0776814 0.249628 0.0349791 0.0497202 0.0810693 0.165167 0.0512976 0.114005 0.121726 0.155794 0.0976054 0.124558 0.00669468 0.0382492 0.00764331 0.111413 0.232709 0.130642 0.120666 0.0854838 0.0640331 0.0399211 0.153755 0.155217 0.00799314 0.301709 0.0913629 0.189104 0.171386 0.109242 0.0892328 0.108449 0.0117064 0.091273 0.111422 0.190101 0.114736 0.114017 0.0878188 0.0717796 0.160167 0.0441807 0.0529416 0.0912125 0.185513 0.206689 0.130073 0.0753907 0.15485 0.153811 0.161508 0.195534 0.216961 0.101088 0.0813219 0.128554 0.00664724 0.137447 0.206856 0.155643 0.1062 0.0444042 0.242937 0.124379 0.0475468 0.0931127 0.165658 0.0810339 0.0762735 0.00957249 0.126304 0.194652 0.188557 0.0174805 0.0888908 0.155604 0.0444197 0.129248 0.0753884 0.0166126 0.0503051 0.07749 0.0087493 0.0488212 0.0456815 0.0634405 0.048868 0.0856628 0.0414279 0.0760623 0.1256 0.0839516 0.0863593 0.0923161 0.196214 0.101333 0.0129752 0.0496833 
0.0756864 0.0910056 0.0388812 0.0519874 0.0497383 0.00928048 0.0336769 0.0386918 0.101242 0.170368 0.0598232 0.0587549 0.0421163 0.156619 0.0455587 0.103181 0.00995863 0.242317 0.0824338 0.0522853 0.0940283 0.0770531 0.00731257 0.104976 0.0737035 0.055627 0.119193 0.0990942 0.00550377 0.234504 0.0206177 0.107646 0.0463962 0.0340778 0.0788048 0.137472 0.0521455 0.181169 0.110381 0.213489 0.107377 0.220495 0.121144 0.0381707 0.0749709 0.0213162 0.0429784 0.125816 0.177601 0.0514654 0.114251 0.0845434 0.109769 0.100358 0.191081 0.0995977 0.0806764 0.166257 0.106831 0.216742 0.0354079 0.0391927 0.209046 0.183716 0.104832 0.090746 0.0797764 0.0471493 0.031157 0.0764629 0.0223395 0.0419676 0.0517541 0.0843357 0.184769 0.0850006 0.190748 0.0630369 0.0531174 0.177206 0.054936 0.0568891 0.127489 0.00880268 0.0096049 0.0831507 0.0439537 0.094281 0.0230922 0.00620085 0.0489575 0.0372754 0.0416199 0.0943865 0.0802309 0.0528198 0.0446191 0 0.0419151 0.033027 
0.0470955 0.0799906 0.0420153 0.00523982 0.116723 0.0672293 0.0308854 0 0.0411771 0.0155176 0.0384429 0.0435619 0.0488858 0.00701544 0.0929798 0.0266942 0.0390607 0.150705 0.0970137 0.0615118 0.0727015 0.0320398 0.0360977 0.0949121 0.0409229 0.00565139 0.0922416 0.0443368 0.0445836 0.13209 0.0418055 0.0121305 0.0913066 0.19833 0.0751985 0.0709936 0.134857 0.0990506 0.0875451 0.0494431 0.0851053 0.218502 0.0363588 0.105705 0.155901 0.00714555 0.0387959 0.0158544 0.0816777 0.015896 0.0521898 0.0476336 0.109872 0.13719 0.0130794 0.0506925 0.0506225 0.0910911 0.0443898 0.0387766 0.0840623 0.0891294 0.0916552 0.0876236 0.0202412 0.079889 0.0378733 0.163095 0.0732348 0.140298 0.0909831 0.17432 0.0502027 0.042692 0.0782021 0.0507434 0.0793866 0.00139001 0.241927 0.0397057 0.0516588 0.0299622 0.048809 0.00636919 0.0769225 0.0818108 0.113993 0.0591046 0.0784538 0.0513432 0.0803553 0.0131626 0.0829455 0.0439816 0.00466024 0.0119767 0.0345664 0.006796 0.00484549 0.0261914 
0.108286 0.0429944 0.0056807 0.0814003 0.000998787 0 0.0533492 0.000985764 0.0500985 0.0411365 0 0 0.0452936 0.0307757 0.00201723 0.0026632 0.0472555 0.1425 0.0482688 0.0760311 0.107218 0.0865377 0.010554 0.0372886 0.033385 0.0454342 0.0147382 0.0660463 0.0505419 0.0327921 0.0397315 0.00805892 0.0507173 0.0570208 0.00502063 0.0464342 0.066762 0.0812097 0.037358 0.0500982 0.154932 0.0518503 0.0601258 0.0572601 0.192935 0.00874508 0.158027 0.044348 0.142483 0.0314474 0.0416741 0.0059173 0.00525603 0.0764088 0.141958 0.074074 0.0763422 0.0949996 0.00640182 0.0776266 0 0.0357355 0.0114044 0.0152877 0.0786948 0.125087 0.0078342 0.00635641 0.0375109 0.0866615 0.0716311 0.077328 0.106977 0.00944946 0.00563014 0.0407544 0.0880542 0.0579232 0.0441778 0.0792065 0.0454658 0.06216 0.0740342 0.0438045 0.111596 0.0056117 0.00543711 0.000990754 0.0550075 0.014189 0.0812598 0.109998 0.0840118 0.0035404 0.0448519 0.124499 0.0478576 0 0.0472801 0.051626 
0.0773331 0.00280601 0.00522353 0.00395962 0.0244625 0.00295004 0.000731475 0 0.00776948 0.00547717 0.00725639 0.0794087 0.0476148 0.0432704 0 0.010854 0.0124799 0.0328879 0.0435198 0.0428665 0 0.0460837 0.00847952 0.00445093 0.076154 0.014873 0.0340735 0.00898469 0.0295407 0.00447039 0.00489854 0.0487079 0.0563549 0.00216824 0.0419342 0.0392046 0.0287475 0.0287321 0.0123108 0.00215082 0 0.0478553 0.0181451 0.00369205 0.00281626 0.121369 0.00983494 0.00699118 0.0570595 0.0339536 0.00913267 0.081059 0.105878 0.00751664 0.00105105 0.046747 0.00891385 0.00107287 0.0508978 0.119597 0.0368064 0.0107337 0.0416066 0.00322543 0.00384975 0 0.00165121 0.00767607 0.00610327 0.0423681 0.00327423 0.116574 0 0.0770221 0.00433427 0.0397876 0.0694478 0.00862949 0.113037 0.0524641 0.07662 0.00786634 0.0439059 0.0184367 0.0485155 0.0863624 0.0489006 0.0596142 0.0558067 0.0487999 0.00457827 0.0460579 0.00949038 0.0461619 0.0785329 0.000273139 0.0458577 0.00251814 0.037422 0.000314782 
0 0.00251786 0.00311872 0.0335096 0.00292651 0.000588104 0 0.0670693 0.07504 0.0139566 0 0.012439 0.00819001 0.0409213 0.0131381 0.074238 0.0106044 0.0366496 0.0369469 0 0.0354807 0.00203587 0.0491552 0.0384473 0.00141574 0.00264355 0.047766 0.0053492 0.0451451 0.0795161 0.0011657 0.0756569 0 0.000213813 0.0667016 0.010312 0 0.000347529 0.0444068 0.00590495 0.0472674 0.0673012 0.00295229 0.0843718 0.0241469 0.0434871 0 0.0418009 0.0468817 0.0711107 0.0026113 0.0402256 0.00828333 0.0326502 0.000318323 0.0396399 0.033584 0.049644 0.000731283 0.0270795 0.0808006 0.000599698 0 0 0.00512221 0.0415891 0.0355746 0.080783 0.0805974 0.00483915 0.00556759 0.045884 0.0425276 0.0798245 0.0789558 0.00404539 0.0427103 0.081477 0.0728088 0.0508321 0.124513 0.00177805 0.0800342 0.00452813 0.0383916 0 0.00202507 0.122844 0.0410665 0 0.0502155 0.114284 0.0391642 0.0174922 0.0905229 0.0448631 0.00338002 0.00100815 0 0.0724808 
0.00383394 0 0.0655023 0.00304248 0.00158316 0.0780306 0.0385925 0.0402487 0 0.0735207 0.00794461 0.0363873 0.00688557 0 0.00266537 0.0722095 0.0397015 0.001637 0.00685461 0.0866204 0.00388186 0.00136784 0.0462983 0.0627512 0.00199853 0.00318335 0.0694315 0 0.0376148 0.0340429 0.00206132 0.00145741 0.00315337 0.0113296 0.0594473 0.000205163 0.0311497 0.0310552 0 0.00679967 0 0 0.0352827 0.00589429 0 0 0.0774465 0 0.0851057 0.000393362 0.00956994 0.0105238 0.0504882 0.0688029 0.0608923 0.00401996 0.0338542 0.0414461 0.00497067 0.036057 0.000230709 0.0200169 0.0696159 0.009893 0.0328011 0.0327513 0.00586175 0 0.0331983 0 0.0318253 0.0850017 0.0327119 0.157047 0.040447 0 0 0.00425312 0 0.0434038 0.0427096 0.063741 0.0798586 0.00448006 0.0598085 0.0102677 0.0375203 0.00851656 0.00492031 0.00405685 0 0.000483988 0 0.0421549 0.0390291 0.00493682 0 0.00045721 0.00222584 0.00439354 
0.000536377 0 0 0.000254979 0 0.00305133 0.0342963 0.0756776 0.0168293 0.00431579 0.0465487 0.00322658 0.0622189 0.0822301 0.00441899 0.0025417 0 0 0 0 0.0772899 0.0460884 0.000193604 0.00169597 0.0015454 0.000786914 0.00510869 0.0413419 0.0355062 0.0322743 0 0.0324704 0.0394887 0.0382962 0 0.0476726 0.00324054 0.0433659 0.090758 0 0.0019115 0.0356301 0.00278726 0.0435275 0.0190202 0.00443298 0.0392028 0.00231727 4.3581e-05 0.00451954 0.0685245 0.0415649 0.0104784 0.0311589 0.00122164 0.0313157 0.00143954 0.000266729 0.0392347 0.00632117 0 0.0374384 0 0 0 0.0379229 0.0381368 0 0.0403021 0.0408515 0.104478 0.00460834 0.00497399 0.000174031 0 0.00170323 0.000264401 0.00156923 0.00300624 0 0.0423124 0.00574122 0 0 0.0321725 0.000452473 0.00282716 0.0457873 0.00664286 0.0430856 0 0.0037563 0.00475962 0 0.000536096 0 0 0.0371099 0.0396886 0.000801193 
0.0440157 0.00604042 0.0296846 0 0.0021639 0.0340022 0.00373733 0.0727513 0.0413268 0 0.00778694 0.0327445 0.000648161 0.0422649 0 0.00423499 0.00129616 0 0 0 0.0447637 0.0331372 0 0 0.00129631 0 0.000156261 0.00401069 0 0.0411764 0 0 0 0.048388 0 0 0 0 0 0 0 0 0.00135786 0.1126 0 0.043851 0 0.000619759 0.0300862 0.0724204 0.149182 0.0386264 0 0.00041804 0.0366424 0.0405296 0.036456 0 0.0674403 0.00691314 0.0052371 0 0 0 0.0108505 0.00475832 0 0 0.00347237 0 0.00352397 0 0.00268184 0.031642 0 0 0.0361487 0.00698881 0.0730502 0 0 0.0364056 0 0 0.00321135 0.00655826 0.0401505 0.0390691 0.00986401 0 0 0.07705 0.00255246 0.000327768 0.00327146 0 0 0.00423803 0.00140309 0.0441397 
0.000488986 0.0100516 0 0.0437213 0 0.0215735 0 0.0301627 0 0 0.0397772 0 0.00677396 0.0684107 0 0 0 0.0496235 0 0 0.00151137 0 0.0329966 0 0 0 0 0 0.0393238 0.00180592 0.000243556 0 0 0 0 0 0.00390186 0.00158142 0 0.0329513 0.00425424 0 0 0.0029756 0.00482888 0.0269262 0.00131107 0.0376192 0.0117454 0.0057262 0.00386122 0 0 0.0404475 0.00812425 0.00246843 0.0768324 0 0 0 0 0.00575905 0 0.0344681 0.0310605 0 0 0 0 0 0.00305522 0 0 0 0.0273784 0.0320892 0.00506496 0.00306962 0 0.00516581 0 0 0.0407547 0 0 0.00396219 0 0 0 0.000815316 0 0.000522309 0.0732737 0.0461573 0.00472763 0 0 0 0 0.0345405 
0.000654543 0 0 0.0255584 0 0 0 0.00164615 0.00619699 0.0265332 0 0 0 0 0 0 0.00353841 0.00248836 0 0.0361109 0.000699692 0.00527789 0 0 0 0.0289233 0.00211066 0 0.0351289 0 0.0438445 0 0 0.00238453 0 0.0346751 0 0.0393597 0 0 0.00545863 0.00831507 0 0 0 0 0.00101734 0.00201574 0 0.0330624 0 0.000215242 0.00221903 0 0.000469277 0 0 0 0 0.0299933 0 0 0 0 0 0.00275891 0 0 0 0.0437101 0 0 0 0 0 0.0104536 0 0.0367034 0 0 0 0 0.0389845 0 0 0 0 0 0.0303541 0.00654307 0.0101564 0.0341829 0.0340654 0 0.0737634 0 0.037666 0 0.000381559 0 
0 0 0 0 0 0.0316519 0.00742215 0 5.94117e-05 0 0 0.0325707 0 0 0 0 0.0376484 0.000966471 0.0318478 0 0.0819311 0.00186173 0.00537835 0 0.0410523 0 0 0.00640683 0 0 0 0 0.0305001 0 0.0705114 0.00115495 0.00414195 0 0 0 0 0 0 0 0.03991 0 0 0 0.00550805 0 0.00741245 0 0 0 0 0 0 0.0363986 0.00501283 0 0 0 0.0393087 0.00465249 0 0 0 0 0.0297654 0 0.0279034 0 0 0 0 0 0 0 0 0 0 0 0 0.00159243 0 0 0 0.0295111 0 0 0 0 0 0.0371402 0 0 0 0 0 0 
0.0370286 0 0.058685 0.0311449 0.000372881 0 0.0393152 0.0032688 0 0 0 0 0 0 0 0.0046987 0.0023464 0 0 0 0.0320795 0 0 0 0 0 0 0 0.0362864 0.0333348 0 0 0.00180153 0.000646884 0 0 0 0 0.00187158 0.00357725 0 0 0 0 0 0.0432921 0 0 0.00113749 0 0 0 0 0.000787116 0.0427906 0 0.00550421 0 0 0 0 0 0 0 0 0 0 0 0 0 0 0 0 0 0 0 0 0 0 0.00247232 0 0 0 0 0 0 0 0 0 0.00675496 0.0046544 0 0 0.00861804 0.0555164 0 0 0 0 0 
0 0 0.000459423 0 0 0 0 0 0 0 0.0420221 0 0 0 0 0 0 0 0 0.00298355 0 0 0 0.040548 0.0437272 0 0 0 0 0.00337935 0 0 0 0 0 0 0 0 0 0 0 0.033642 0 0 0 0 0 0.00430869 0 0.00494539 0.0285495 0 0.0406939 0.000698039 0 0 0 0.000171777 0 0 0 0 0 0 0 0 0 0 0 0 0 0 0 0 0 0 0 0.00159332 0 0 0 0 0 0 0 0 0 0 0 0 0 0 0 0 0 0 0 0 0.0334724 0 
0 0.00745271 0 0.00180331 0 0 0 0.0379613 0 0 0 0 0 0 0 0 0 0 0 0 0 0 0 0 0 0 0 0 0.0424284 0 0 0 0.000789574 0 0 0.00240404 0.030426 0 0 0 0 0.0466348 0 0 0 0 0 0 0 0 0 0.00241034 0 0 0 0 0.00112865 0 0 0 0.0332035 0 0 0 0 0 0 0 0 0.0329232 0 0 0 0.0281726 0.000561949 0 0 0.00428371 0 0 0 0 0 0 0.000709763 0 0 0 0.0409542 0 0 0 0 0 0 0 0 0 0 0 
0 0 0 0 0 0 0 0 0 0 0 0 0 0 0 0 0 0 0 0 8.66453e-05 0 0 0 0 0 0.00115571 0 0 0.0303479 0 0 0 0 0 0 0 0 0 0 0 0 0 0.00130371 0 0 0 0 0 0 0 0 0 0 0 0 0 0 0 0 0 0 0 0 0 0 0 0 0 0 0 0 0 0.0239233 0 0.00465264 0 0 0 0 0 0.00367106 0 0.00301869 0 0 0 0 0 0 0 0 0 0 0 0.00155092 0 0 0 0 
0 0 0 0.00320227 0 0 0 0 0 0 0 0 0 0 0 0 0 0 0 0 0.000614013 0.0275156 0 0 0 0 0 0 0 0 0.000592182 0.00290861 0 0 0 0 0 0 0.0374947 0 0 0 0 0 0.0369925 0.0028394 0 0 0 0 0 0 0.00235731 0 0 0.0311847 0.00189614 0.00246496 0 0 0 0 0 0 0 0 0 0 0 0 0 0 0 0 0 0 0.000867085 0 0 0.00898752 0.00117796 1.8383e-05 0 0 0 0 0 0 0 0.0279433 0 0 0 0 0 0 0 0 0 0.0335503 
0.00012105 0 0 0 0 0 0 0 0 0 0.0307687 0 0 0 0 0 0 0 0 0 0.0302465 0 0 0 0.0325333 0 0 0 0 0 0.000408199 0 0.00379676 0.00702282 0 0 0 0 0 0 0 0 0 0 0 0 0 0.0426523 0 0 0 0 0 0 0 0 0 0 0 0 0 0 0.00388613 0 0 0 0 0 0 0 0 0 0 0 0 0 0 0 0 0 0.00534874 0.00224054 0 0 0 0 0 0 0 0 0 0 0 0 0 0 0 0 0 0 
0 0 0 0 0.00297586 0 0 0 0 0 0 0 0 0 0 0 0 0 0 0 0 0 0 0 0 0 0 0 0 0 0 0 0 0 0.0270707 0 0 0.00438045 0 0 0 0 0 0 0 0 0.000710713 0 0 0 0 0 0 0 0 0 0 0 0 0 0 0 0 0 0 0 0 0 0 0 0 0 0 0 0 0.000640314 0 0 0 0 0 0 0.0338705 0 0 0 0 0 0 0 0 0 0.0406566 0 0 0 0 0 0 0.0345346 
0 0 0 0 0.030033 0 0 0 0 0 0 0 0 0 0 0 0 0 0 0 0 0 0 0 0 0 0 0 0.0334748 0 0 0 0 0 0 0 0 0 0 0 0 0.0331961 0 0 0 0 0 0 0 0 0 0 0 0 0 0.00325165 0 0 0 0 0 0 0 0 0 0 0 0 0 0 0 0.0322974 0 0 0 0 0.0233774 0 0 0 0 0 0 0 0 0 0 0 0 0 0 0 0 0 0 0 0 0 0 0.00076618 
0 0 0 0 0 0 0 0 0 0 0 0 0 0 0 0.00233938 0 0 0 0 0 0 0 0 0 0 0 0 0 0 0 0 0 0 0 0 0 0 0 0 0 0 0 0 0.00451297 0 0 0 0 0 0 0 0 0 0 0 0 0 0 0 0 0 0 0 0 0 0 0 0 0 0 0 0 0 0 0 0 0 0 0 0 0 0 0 0 0 0 0 0 0 0 0 0 0 0 0 0 0 0 0 
0 0 0 0 0 0 0 0 0 0 0 0 0 0 0 0 0 0 0 0 0 0 0 0 0 0 0 0 0 0 0 0 0 0 0 0 0 0 0 0 0 0 0 0 0 0 0 0 0 0 0 0 0 0 0 0 0 0 0 0 0 0 0 0 0 0 0 0 0 0 0 0 0 0 0 0 0 0 0 0 0 0 0 0 0 0 0 0 0 0 0 0 0 0 0 0 0 0 0 0.0348006 
0 0 0 0 0 0 0 0 0 0 0 0 0 0 0 0 0 0 0 0 0 0 0 0 0 0 0 0 0 0 0 0 0 0 0 0 0 0 0 0 0 0 0 0 0 0 0 0 0 0 0 0 0 0 0 0 0 0 0 0 0 0 0 0 0 0 0 0 0 0 0 0 0 0 0 0 0 0 0 0 0 0 0 0 0 0 0 0 0 0 0 0 0 0 0 0 0 0 0 0 
0 0 0 0 0 0 0 0 0 0.0444911 0 0 0 0 0 0 0 0 0 0 0 0 0 0 0 0 0.00549599 0 0 0 0 0 0 0 0 0 0 0 0 0 0 0 0 0 0 0 0 0 0 0 0 0 0 0 0 0 0 0 0 0 0 0 0 0 0 0 0 0 0 0 0 0 0 0 0 0 0 0 0 0 0 0 0 0 0 0 0 0 0 0 0 0 0 0 0 0 0 0 0 0.00156199 
0 0 0 0 0 0 0 0 0 0 0 0 0 0 0 0 0 0 0.0323505 0 0 0 0 0.00176583 0 0 0 0 0 0.000149975 0.000226562 0 0 0 0 0 0 0 0 0 0 0 0 0 0 0 0 0 0 0 0 0 0 0 0 0 0 0 0 0 0 0 0 0 0 0 0 0 0 0 0 0 0 0 0 0 0 0 0 0 0 0 0 0 0 0 0 0 0 0 0 0 0 0 0 0 0 0 0 0 
0.000856667 0 0 0 0 0 0 3.68686e-05 0 0 0 0 0 0 0 0 0 0 0 0 0 0 0 0 0 0 0 0 0 0 0 0 0 0.0032538 0 0 0 0 0 0 0 0 0 0 0 0 0 0 0 0 0 0 0 0 0 0 0 0 0 0 0 0 0 0 0 0 0.0343332 0 0 0 0 0 0 0 0 0 0 0 0 0 0 0 0 0 0 0 0 0 0 0 0 0 0 0 0 0 0 0 0 0 
0 0 0 0 0 0.031868 0 0 0 0 0 0 0 0 0 0 0 0 0 0 0 0 0 0 0 0 0 0 0 0 0 0 0 0 0 0 0 0 0 0 0 0 0 0 0 0 0 0 0 0 0 0 0 0 0 0 0 0 0 0 0 0 0 0 0 0 0 0.00319137 0 0 0 0 0 0 0 0 0 0 0 0 0 0 0 0 0 0 0 0 0 0 0 0 0 0 0 0 0 0 0 0 
0 0 0.00580649 0 0 0 0 0 0 0 0 0 0 0 0 8.30304e-05 0 0 0 0 0 0 0 0 0 0 0 0 0 0 0 0 0 0 0 0 0 0 0 0 0 0 0 0 0 0 0 0 0 0 0.00537359 0 0 0 0 0.000142167 0 0 0 0 0 0 0 0 0 0 0 0 0 0 0 0 0 0 0 0 0 0 0 0 0 0 0 0 0 0 0 0 0 0 0 0 0 0 0 0 0 0 0 0.00435834 
0 0 0 0 0 0 0 0 0 0 0 0.00102314 0 0 0 0 0 0 0 0 0 0 0 0 0 0 0 0 0 0 0 0 0 0 0 0 0 0 0 0 0 0 0 0 0 0 0 0 0 0 0 0 0 0 0 0 0 0 0 0 0 0 0 0 0 0 0 0 0 0 0 0 0 0 0 0 0 0 0 0 0 0 0 0 0 0 0 0 0 0 0 0 0 0 0 0 0 0 0 0 
0 0 0 0 0 0 0 0 0 0 0 0 0 0 0 0 0 0 0 0 0 0 0 0 0 0 0 0 0 0 0 0 0 0 0 0 0 0 0 0 0 0 0 0 0 0 0 0 0 0 0 0 0 0 0 0 0 0 0 0 0 0 0 0 0 0.0327757 0.000538923 0 0 0 0 0 0 0 0 0 0 0 0 0 0 0 0 0 0 0 0 0 0 0 0.00189252 0 0 0 0.000219923 0 0 0 0 0 
0 0 0 0 0 0 0 0 0 0 0 0 0 0 0 0 0 0 0 0 0 0 0 0 0 0 0 0 0 0 0 0 0 0 0 0 0 0 0 0 0 0 0 0 0 0 0 0 0 0 0 0 0 0 0 0 0 0 0 0 0 0 0 0 0 0 0 0 0 0 0 0 0 0 0 0 0 0 0 0 0 0 0 0 0.000818635 0 0 0 0 0 0 0 0 0 0 0 0 0 0 0 
0.035117 0 0 0 0 0.000827779 0 0 0 0 0 0 0 0 0 0 0 0 0 0 0 0 0 0 0 0 0 0 0 0 0 0 0 0 0 0 0 0 0 0 0 0 0 0 0 0 0 0 0 0 0 0 0 0 0 0 0 0 0 0 0 0 0 0 0.0370664 0 0 0 0 0 0 0 0.0328129 0 0 0 0 0 0 0 0 0.00755432 0 0 0 0.0295817 0 0 0.00213173 0 0 0 0 0 0 0 0 0 0.00243335 0 
0 0 0 0 0 0 0.00285836 0 0.0414481 0 0 0 0.0377696 0 0 0 0 0 0 0 0 0 0 0 0 0 0 0 0 0 0 0 0 0 0 0 0 0 0 0 0 0 0 0 0 0 0 0 0 0 0 0 0 0 0 0 0 0 0 0 0 0 0 0 0 0.0309328 0 0 0 0 0 0 0 0 0 0 0 0 0 0 0.0353202 0.00124215 0 0 0 0 0 0 0 0 0 0 0 0 0 0 0 0 0.0364985 0 
0 0 0 0 0 0 0 0 0 0 0 0 0 0 0 0 0 0 0 0 0 0 0 0 0 0 0 0 0 0 0 0 0 0 0 0 0 0 0 0 0 0 0 0 0 0 0 0 0 0 0 0 0 0 0 0 0 0 0 0 0 0 0 0 0 0 0 0 0 0 0 0 0 0 0 0 0 0 0 0 0 0 0 0 0 0 0 0 0 0 0 0 0 0 0 0 0 0 0 0 
0 0 0 0 0 0 0 0 0 0 0 0 0 0 0 0 0 0 0 0 0 0 0 0 0 0 0 0 0 0 0 0 0 0 0 0 0 0 0 0 0 0.0398217 0 0 0 0 0 0 0 0 0 0 0 0 0 0 0 0 0 0 0 0 0 0 0 0 0 0.00295909 0.000370031 0 0 0 0 0 0 0 0 0 0 0 0 0 0 0 0 0 0 0 0 0 0 0 0 0 0 0 0 0 0 0.0300334 
0 0 0 0 0 0 0 0 0 0 0 0 0 0 0 0 0 0 0 0 0 0 0 0 0 0 0 0 0 0 0 0 0 0 0 0 0 0 0 0 0 0 0 0 0 0 0 0 0 0 0 0 0 0 0 0 0 0 0 0 0 0 0 0 0 0 0 0 0 0 0 0 0 0 0 0 0 0 0 0 0 0 0 0 0 0 0 0 0 0 0 0 0 0 0.00125018 0 0 0.0025281 0 0.00417816 
0 0 0 0 0 0 0 0 0 0 0 0 0 0 0 0 0 0 0 0 0.00158287 0 0 0 0 0 0 0 0 0 0 0 0 0 0 0 0 0 0 0 0 0 0 0 0 0 0 0 0 0 0 0 0 0 0 0 0 0 0 0 0 0 0 0 0 0 0 0 0 0 0 0 0 0 0 0 0 0 0 0 0 0 0 0 0 0 0 0 0 0 0 0 0 0 0 0 0 0 0 0.0337316 
0 0.00186492 0 0 0 0 0 0 0 0 0 0 0 0 0 0 0 0 0 0 0 0 0 0 0 0 0 0 0 0 0 0 0 0 0 0 0 0 0 0 0 0 0 0 0 0 0 0 0 0 0 0 0 0 0 0 0 0 0 0 0 0 0 0 0 0 0 0 0 0 0 0 0 0 0 0 0 0 0 0 0 0 0 0 0 0 0 0 0 0 0 0 0 0 0 0 0 0 0 0 
0.00275223 0 0.0392779 0 0 0 0 0 0 0 0 0 0 0 0 0 0 0 0 0 0 0 0 0 0 0 0 0 0 0 0 0 0 0 0 0 0 0 0 0 0 0 0 0 0 0 0 0 0 0 0 0 0 0 0 0 0 0 0 0 0 0 0 0 0 0.00207116 0 0 0 0 0 0 0 0 0 0 0 0 0 0 0 0 0 0 0 0 0 0 0 0 0 0 0 0 0 0 0 0 0 0 
0 0 0 0 0 0 0 0 0 0 0 0 0 0 0.000926602 0 0 0 0 0 0 0 0 0 0 0.00193051 0 0 0 0 0 0 0 0 0 0 0 0 0 0 0 0 0 0 0 0 0 0 0 0 0 0 0 0 0 0 0 0 0 0 0 0 0 0 0 0 0 0 0 0 0 0 0 0 0 0 0 0 0 0 0 0 0 0 0 0 0 0 0 0 0 0 0 0 0 0 0 0 0 0 
0 0 0.0338342 0 0 0 0 0 0.00616212 0 0 0 0 0 0 0 0 0 0 0 0 0 0 0 0 0 0 0 0 0 0 0 0 0 0 0 0 0 0 0 0 0 0 0 0 0 0 0 0 0 0 0 0 0 0 0 0 0 0 0 0 0 0 0 0 0 0 0 0 0 0 0 0 0 0 0 0 0 0 0 0 0 0 0 0 0 0 0 0 0 0 0 0 0 0 0 0 0 0 0 
