#################################### 
# Matrix Size= (300,500,1700)
# Resol      = (1,100,100)
# VoxelSize  = (300,5,17)
# nbVal      = 10000
#################################### 
1.26399e-12 7.75964e-13 1.71586e-12 5.92327e-13 7.8812e-13 8.83006e-13 2.46446e-13 1.70337e-12 9.13597e-13 9.27149e-13 9.84853e-13 1.96202e-12 1.29367e-12 8.3838e-13 1.96994e-12 1.99752e-12 5.80973e-13 1.19448e-12 6.3493e-13 9.42427e-13 4.26181e-13 1.35592e-12 1.42569e-12 8.62886e-13 9.8266e-13 9.93998e-13 1.16387e-12 8.28628e-13 1.19864e-12 1.21911e-12 1.04584e-12 1.99313e-12 1.4202e-12 1.45862e-12 6.14904e-13 1.77439e-12 8.95039e-13 5.3956e-13 1.12023e-12 2.29547e-12 2.31352e-12 5.94673e-13 2.42355e-12 1.4532e-12 1.10528e-12 9.78952e-13 1.83761e-12 1.06941e-12 2.12627e-12 1.35323e-12 1.39958e-12 1.28885e-12 8.3873e-13 7.99815e-13 9.7365e-13 9.56424e-13 1.54368e-12 1.32858e-12 1.07694e-12 4.12053e-13 1.196e-12 1.25015e-12 1.50955e-12 1.5526e-12 8.46342e-13 1.82943e-12 3.15154e-12 1.50023e-12 1.67129e-12 1.31e-12 9.85212e-13 9.11334e-13 1.17668e-12 1.63634e-12 1.2154e-12 1.16602e-12 9.07651e-13 5.24353e-13 5.18172e-14 1.38592e-12 1.10862e-12 1.25399e-12 2.25878e-12 4.01072e-13 4.42221e-13 1.02417e-12 1.45477e-12 1.16263e-12 1.9837e-12 1.2271e-12 6.43703e-13 1.25307e-12 8.91272e-13 1.70064e-12 1.42317e-12 1.39299e-12 1.20049e-12 6.9735e-13 1.50728e-12 3.77255e-13 
1.14316e-12 8.74548e-13 8.86615e-13 4.02817e-13 1.48981e-12 1.1656e-12 1.62706e-12 3.41443e-13 8.35819e-13 1.05093e-12 1.31059e-12 1.00704e-12 6.25033e-13 1.47775e-12 6.10663e-13 1.48208e-12 8.42556e-13 1.72908e-12 1.03445e-12 1.45707e-12 1.07437e-12 7.29078e-13 1.59994e-12 6.28896e-13 5.00628e-13 2.16536e-12 1.67477e-12 1.12015e-12 1.37377e-12 1.59295e-12 1.37959e-12 1.84624e-12 1.96717e-12 6.79776e-13 9.92637e-13 7.88977e-13 1.08255e-12 1.44995e-12 1.76854e-12 6.80667e-13 6.16947e-13 1.01745e-12 1.4056e-12 1.65437e-12 1.36829e-12 1.80358e-12 1.05409e-12 1.27296e-12 6.2494e-13 1.00619e-12 7.86859e-13 4.40868e-13 1.92474e-12 1.92528e-12 1.68682e-12 1.12296e-12 1.48941e-12 1.52221e-12 1.74604e-12 4.71737e-13 5.68039e-13 6.57792e-13 2.10618e-12 1.53411e-12 1.30077e-12 1.80146e-12 2.21331e-12 1.11494e-12 1.27321e-12 2.59778e-12 1.95605e-12 1.62017e-12 8.39077e-13 1.51846e-12 3.83352e-13 1.30369e-12 2.39859e-12 1.14185e-12 2.12467e-12 1.55038e-12 7.4691e-13 1.71943e-12 1.20772e-12 5.20996e-13 1.39812e-12 2.11814e-12 1.58204e-12 2.23095e-12 8.20579e-13 2.69058e-12 7.54207e-13 1.52825e-12 7.40061e-13 1.49343e-12 1.10302e-12 5.99884e-13 1.99292e-12 4.58517e-13 1.16892e-12 7.37677e-13 
7.23749e-13 1.80304e-12 6.16085e-13 5.75445e-13 1.13093e-12 1.88358e-12 8.10556e-13 1.26842e-12 1.53819e-12 1.88074e-12 1.02867e-12 9.86578e-13 7.17866e-13 1.91909e-12 1.72812e-12 2.26838e-12 1.39976e-12 9.66266e-13 1.62252e-12 1.53687e-12 1.63834e-12 1.16311e-12 1.57952e-12 1.86471e-12 2.58765e-12 1.536e-12 1.48524e-12 1.39471e-12 1.74601e-12 1.50765e-12 1.76495e-12 2.08382e-12 1.65657e-12 1.40716e-12 1.64069e-12 1.21695e-12 2.35065e-12 1.51104e-12 2.23228e-12 1.47375e-12 2.69922e-12 1.62422e-12 1.44995e-12 1.77792e-12 1.78242e-12 1.84261e-12 2.02041e-12 1.41659e-12 7.77443e-13 1.65197e-12 1.05523e-12 1.64702e-12 9.70492e-13 1.69873e-12 2.49225e-12 1.13844e-12 2.03061e-12 1.53829e-12 9.17363e-13 1.77113e-12 2.30006e-12 7.75055e-13 1.71769e-12 1.76191e-12 1.84366e-12 6.62458e-13 1.46808e-12 1.49216e-12 1.73751e-12 1.19615e-12 1.62147e-12 1.70233e-12 7.8705e-13 1.03657e-12 1.56728e-12 1.31315e-12 1.21766e-12 6.72093e-13 1.55593e-12 2.0494e-12 1.51931e-12 2.13014e-12 1.38863e-12 1.72146e-12 1.464e-12 1.45279e-12 1.11575e-12 7.83663e-13 1.02496e-12 9.05127e-13 1.81453e-12 1.08809e-12 1.4916e-12 5.11836e-13 5.99894e-13 2.09764e-12 9.14939e-13 1.09015e-12 1.28558e-12 1.18429e-12 
9.25009e-13 1.35517e-12 2.04951e-12 9.6945e-13 1.0362e-12 1.99719e-12 4.28926e-13 2.29628e-12 1.69453e-12 1.67892e-12 1.78852e-12 1.85652e-12 1.7178e-12 1.35916e-12 1.91242e-12 2.57853e-12 1.63414e-12 9.38592e-13 6.42317e-13 2.02979e-12 2.10193e-12 8.52678e-13 1.71466e-12 1.92636e-12 1.28048e-12 7.36231e-13 2.49684e-12 1.11359e-12 2.53983e-12 1.7899e-12 1.52958e-12 1.84735e-12 1.91316e-12 1.3812e-12 3.05964e-12 1.16693e-12 2.75746e-12 1.80781e-12 1.21816e-12 1.14768e-12 1.6952e-12 1.17252e-12 2.2733e-12 2.05766e-12 1.6792e-12 8.80328e-13 1.98393e-12 1.61844e-12 1.58676e-12 2.30153e-12 1.21767e-12 1.91565e-12 1.58132e-12 8.38989e-13 2.28042e-12 1.95592e-12 1.83643e-12 1.83052e-12 1.30833e-12 2.53099e-12 2.47901e-12 2.29762e-12 2.13705e-12 3.10274e-12 2.61607e-12 2.0111e-12 1.93831e-12 2.29651e-12 1.94064e-12 2.66704e-12 1.27092e-12 1.4013e-12 1.69428e-12 2.05713e-12 1.79434e-12 1.35387e-12 2.44955e-12 1.29211e-12 3.13369e-12 9.2526e-13 1.82263e-12 1.57534e-12 1.00502e-12 1.57379e-12 8.67576e-13 7.61264e-13 1.06498e-12 8.81838e-13 1.80537e-12 1.30716e-12 1.88238e-12 1.09037e-12 1.54554e-12 1.43434e-12 1.22031e-12 2.15143e-12 1.90267e-12 1.28915e-12 1.05184e-12 1.02754e-12 
1.44911e-12 7.25827e-13 1.01114e-12 1.4975e-12 1.24666e-12 1.35016e-12 1.31022e-12 1.60442e-12 1.94459e-12 1.94187e-12 1.96424e-12 1.01379e-12 1.8753e-12 1.80237e-12 1.04019e-12 1.64275e-12 1.01598e-12 1.0558e-12 2.5903e-12 2.8466e-12 1.07915e-12 1.30118e-12 2.26383e-12 7.54992e-13 2.39781e-12 2.21953e-12 2.51735e-12 1.68275e-12 9.62625e-13 2.20142e-12 1.21805e-12 2.18348e-12 2.05529e-12 2.68017e-12 1.97608e-12 1.77392e-12 2.4437e-12 1.48464e-12 2.26837e-12 1.46236e-12 2.86191e-12 1.95839e-12 1.62796e-12 1.21296e-12 1.67629e-12 1.46353e-12 1.66905e-12 1.66851e-12 7.35578e-13 1.12669e-12 8.53191e-13 1.08298e-12 1.57882e-12 1.94734e-12 9.34306e-13 1.89095e-12 1.73104e-12 9.97434e-13 2.04677e-12 1.42705e-12 1.6812e-12 1.68839e-12 2.16569e-12 2.77509e-12 2.4508e-12 2.44954e-12 9.56229e-13 1.93938e-12 1.91278e-12 1.20779e-12 1.64794e-12 2.25982e-12 1.33612e-12 1.58121e-12 2.18725e-12 1.85802e-12 1.30637e-12 1.36292e-12 1.29119e-12 1.2634e-12 1.54474e-12 1.63991e-12 1.29203e-12 1.24451e-12 2.37453e-12 1.46449e-12 2.30016e-12 1.51473e-12 1.74912e-12 1.17581e-12 1.73453e-12 9.14892e-13 1.51353e-12 1.02876e-12 1.38677e-12 1.70582e-12 1.95179e-12 5.80181e-13 2.01934e-12 1.3273e-12 
5.61104e-13 1.76174e-12 1.01293e-12 1.87006e-12 8.45245e-13 1.7123e-12 1.60442e-12 1.40299e-12 1.56569e-12 1.65842e-12 1.57752e-12 1.99718e-12 1.80657e-12 2.52701e-12 1.12321e-12 1.20054e-12 1.23031e-12 1.75612e-12 1.9624e-12 8.29146e-13 1.87942e-12 2.59525e-12 1.59776e-12 1.98803e-12 1.72626e-12 2.85786e-12 2.77117e-12 1.97003e-12 2.21215e-12 2.70645e-12 1.93611e-12 1.80747e-12 1.89378e-12 2.09945e-12 1.71081e-12 1.03685e-12 1.26367e-12 2.60064e-12 1.53013e-12 2.62043e-12 2.96086e-12 1.8815e-12 1.65785e-12 8.19054e-13 1.09893e-12 1.91687e-12 1.54179e-12 2.59931e-12 1.94176e-12 1.2179e-12 1.6276e-12 2.08989e-12 1.65539e-12 2.35821e-12 1.98223e-12 1.9241e-12 1.82319e-12 1.33025e-12 2.05434e-12 2.56077e-12 8.62652e-13 2.53709e-12 1.87595e-12 1.75019e-12 1.93904e-12 1.7056e-12 1.35029e-12 2.74762e-12 2.75132e-12 2.89146e-12 2.76969e-12 1.26879e-12 1.22593e-12 1.38679e-12 1.33988e-12 1.01003e-12 1.60856e-12 1.50223e-12 9.27556e-13 1.65387e-12 1.25026e-12 1.87511e-12 1.08495e-12 8.49862e-13 1.36324e-12 1.82881e-12 1.93285e-12 1.3113e-12 1.88651e-12 7.80712e-13 2.78947e-12 2.49219e-12 1.97864e-12 1.24298e-12 1.44844e-12 1.53536e-12 1.13569e-12 1.68542e-12 9.16048e-13 1.05978e-12 
9.47162e-13 1.0384e-12 2.06318e-12 1.79283e-12 1.51723e-12 1.96902e-12 2.63373e-12 8.2187e-13 1.45171e-12 1.3196e-12 1.98502e-12 2.09876e-12 1.55214e-12 1.29312e-12 1.71033e-12 2.37743e-12 2.12371e-12 1.90129e-12 2.51555e-12 1.98898e-12 1.4542e-12 1.13648e-12 1.92539e-12 1.974e-12 2.25823e-12 6.24867e-13 1.96138e-12 2.34932e-12 2.08553e-12 1.59049e-12 1.95419e-12 1.87419e-12 1.83766e-12 1.86346e-12 1.85502e-12 2.03881e-12 3.04922e-12 2.05564e-12 1.4807e-12 3.74078e-12 1.84853e-12 2.43736e-12 2.80306e-12 1.28499e-12 1.69644e-12 2.36098e-12 2.07064e-12 1.89736e-12 1.34989e-12 2.98958e-12 1.03623e-12 3.52075e-12 2.24654e-12 1.74852e-12 2.74728e-12 1.21887e-12 1.50232e-12 1.23285e-12 1.36194e-12 2.99823e-12 2.08171e-12 1.85623e-12 1.37253e-12 1.47299e-12 1.57079e-12 2.76401e-12 2.52531e-12 2.87851e-12 3.14677e-12 1.49097e-12 1.66703e-12 2.40027e-12 3.03282e-12 3.43414e-12 1.3722e-12 2.2382e-12 9.89273e-13 8.01386e-13 1.73133e-12 1.79549e-12 1.21477e-12 1.68717e-12 1.47702e-12 1.25509e-12 8.81788e-13 1.13051e-12 1.58488e-12 1.59231e-12 2.24865e-12 2.08893e-12 1.46139e-12 1.67929e-12 1.18718e-12 1.70938e-12 2.10214e-12 1.92787e-12 1.61817e-12 1.21946e-12 8.59882e-13 1.04196e-12 
1.01515e-12 1.05848e-12 1.64834e-12 1.76743e-12 2.14493e-12 2.28784e-12 2.36081e-12 1.42342e-12 1.48947e-12 6.28181e-13 2.17659e-12 1.46062e-12 1.63057e-12 2.49941e-12 2.17603e-12 2.05893e-12 1.61805e-12 1.66962e-12 2.2503e-12 1.18755e-12 1.92195e-12 2.80478e-12 1.5579e-12 3.51366e-12 1.36849e-12 2.66835e-12 2.1334e-12 8.55713e-13 2.84202e-12 1.16619e-12 1.00103e-12 9.03858e-13 1.16212e-12 1.60314e-12 2.59316e-12 1.57019e-12 1.16712e-12 3.24292e-12 8.88847e-13 2.18085e-12 2.14792e-12 9.71891e-13 2.14838e-12 1.23344e-12 2.65247e-12 2.59949e-12 2.63063e-12 2.66815e-12 1.84951e-12 2.59091e-12 2.20884e-12 1.72022e-12 1.21434e-12 2.82487e-12 9.41998e-13 1.44995e-12 1.98015e-12 2.88306e-12 2.51818e-12 1.39886e-12 2.00264e-12 1.98657e-12 3.43307e-12 3.98493e-12 1.6939e-12 1.49741e-12 2.53345e-12 3.82108e-12 1.8891e-12 1.56436e-12 1.99415e-12 1.86648e-12 9.93156e-13 2.45561e-12 2.28262e-12 1.77506e-12 2.41272e-12 1.65939e-12 1.35626e-12 1.54819e-12 1.61386e-12 6.11395e-13 2.49794e-12 2.43609e-12 1.66103e-12 1.10221e-12 1.75604e-12 1.991e-12 1.2637e-12 1.21014e-12 1.55579e-12 3.22496e-12 1.8201e-12 3.09075e-12 1.46906e-12 1.69663e-12 7.96311e-13 1.33464e-12 9.15087e-13 1.22749e-12 
1.04389e-12 4.86585e-13 1.37951e-12 1.14729e-12 1.69162e-12 2.64682e-12 1.24961e-12 1.48072e-12 1.6651e-12 1.64884e-12 2.16926e-12 1.17555e-12 2.35252e-12 2.16821e-12 1.80553e-12 1.77621e-12 1.81644e-12 3.13347e-12 2.12151e-12 2.17377e-12 1.48788e-12 2.31771e-12 1.32829e-12 1.79353e-12 1.84611e-12 2.93465e-12 1.70497e-12 2.99674e-12 2.64749e-12 2.25357e-12 1.41555e-12 1.96161e-12 2.67399e-12 2.63281e-12 1.49158e-12 2.02986e-12 2.8712e-12 1.65876e-12 2.36129e-12 2.19956e-12 1.46532e-12 2.24161e-12 2.71051e-12 2.1632e-12 3.82856e-12 1.27728e-12 1.95664e-12 2.53638e-12 1.25889e-12 1.40831e-12 1.4809e-12 3.27651e-12 1.87957e-12 1.91524e-12 1.75876e-12 1.76739e-12 2.94505e-12 1.35299e-12 9.10145e-13 3.59378e-12 1.60066e-12 2.42519e-12 1.82621e-12 2.28364e-12 1.47886e-12 1.41126e-12 3.13163e-12 1.10832e-12 1.07036e-12 2.13375e-12 2.33933e-12 3.1349e-12 1.59851e-12 2.98182e-12 2.78899e-12 1.24954e-12 3.16564e-12 2.66035e-12 1.73146e-12 1.36398e-12 2.57036e-12 1.83281e-12 2.32794e-12 1.32791e-12 1.79726e-12 1.44845e-12 1.87769e-12 1.712e-12 1.59137e-12 2.12224e-12 1.57605e-12 1.10713e-12 2.2454e-12 1.95818e-12 7.90556e-13 1.20555e-12 2.09045e-12 1.54285e-12 1.69208e-12 2.16138e-12 
1.69853e-12 2.27177e-12 1.42073e-12 6.63334e-13 1.65181e-12 1.35222e-12 1.67287e-12 1.83399e-12 6.64086e-13 3.07095e-12 2.96392e-12 2.54164e-12 2.38463e-12 1.08813e-12 1.11886e-12 2.2331e-12 1.80789e-12 1.91417e-12 2.29773e-12 7.41769e-13 1.32874e-12 1.55823e-12 9.4784e-13 8.44769e-13 2.59458e-12 1.72866e-12 1.34872e-12 2.12777e-12 1.41573e-12 2.41126e-12 1.08423e-12 2.05923e-12 1.84296e-12 2.74902e-12 2.33887e-12 1.11845e-12 1.87778e-12 3.13333e-12 1.80949e-12 1.60765e-12 3.17132e-12 1.48559e-12 1.67055e-12 2.83189e-12 1.83284e-12 1.11767e-12 2.33413e-12 1.7408e-12 2.11454e-12 2.80183e-12 1.17663e-12 1.56127e-12 2.62446e-12 1.93256e-12 2.55435e-12 1.95928e-12 1.84792e-12 2.38024e-12 1.72288e-12 2.65957e-12 2.70482e-12 2.11471e-12 2.1704e-12 1.54475e-12 1.67982e-12 1.58719e-12 1.48154e-12 1.89102e-12 2.35337e-12 8.5075e-13 2.29297e-12 7.59011e-13 1.03211e-12 2.78301e-12 2.45503e-12 1.50375e-12 2.29064e-12 2.34939e-12 3.54677e-12 2.72083e-12 2.36755e-12 1.32351e-12 2.21544e-12 2.01797e-12 1.95642e-12 1.35367e-12 1.64292e-12 1.37371e-12 1.04596e-12 1.70973e-12 2.45432e-12 1.72579e-12 2.36435e-12 8.91473e-13 7.97997e-13 3.00038e-12 1.55271e-12 1.32285e-12 1.69807e-12 1.52475e-12 
1.55599e-12 1.95288e-12 1.37036e-12 1.72419e-12 1.27295e-12 1.97737e-12 1.86963e-12 8.10234e-13 2.62325e-12 6.65461e-13 2.42078e-12 2.47724e-12 1.53089e-12 2.91026e-12 1.80058e-12 2.65993e-12 2.56921e-12 1.68993e-12 2.17983e-12 2.17135e-12 3.07339e-12 1.36991e-12 2.83082e-12 3.18092e-12 1.32333e-12 1.6515e-12 2.48184e-12 1.98051e-12 2.43635e-12 2.01409e-12 3.1768e-12 1.94845e-12 1.31387e-12 3.32407e-12 2.3923e-12 2.17909e-12 2.53426e-12 3.10274e-12 1.09643e-12 3.24031e-12 2.41554e-12 1.57129e-12 2.87846e-12 1.04632e-12 2.51641e-12 1.8356e-12 3.28228e-12 3.02712e-12 3.62102e-12 3.09405e-12 2.99236e-12 1.26189e-12 2.48186e-12 2.32816e-12 2.85466e-12 1.61228e-12 1.6881e-12 2.01567e-12 2.60501e-12 2.43987e-12 2.86709e-12 2.71297e-12 1.57817e-12 2.3894e-12 3.01453e-12 1.7569e-12 3.01523e-12 1.48045e-12 2.24697e-12 2.30019e-12 2.34589e-12 2.43851e-12 2.76108e-12 2.56288e-12 2.48935e-12 4.14286e-12 1.57838e-12 1.68342e-12 1.45528e-12 2.05202e-12 2.81808e-12 2.46831e-12 1.99508e-12 2.19194e-12 3.18921e-12 1.95369e-12 1.1083e-12 1.40524e-12 1.02736e-12 1.77642e-12 2.07741e-12 1.91264e-12 2.12474e-12 2.47013e-12 9.07793e-13 1.98964e-12 1.33621e-12 2.39068e-12 1.17773e-12 2.217e-12 
1.92684e-12 1.75795e-12 2.02783e-12 2.49985e-12 1.30109e-12 2.91132e-12 3.38439e-12 3.06113e-12 2.60268e-12 1.77728e-12 2.00551e-12 3.39181e-12 2.61983e-12 1.96486e-12 2.59842e-12 1.93184e-12 2.1296e-12 1.24587e-12 2.13713e-12 1.9019e-12 1.7098e-12 3.00017e-12 1.58111e-12 3.18717e-12 1.66349e-12 2.16728e-12 2.6515e-12 3.08631e-12 1.8653e-12 2.3998e-12 2.76984e-12 1.71913e-12 3.07505e-12 2.1645e-12 2.65908e-12 3.77661e-12 3.54631e-12 1.89669e-12 2.66963e-12 2.62403e-12 1.41453e-12 2.1417e-12 2.43891e-12 3.36771e-12 1.44297e-12 2.31293e-12 2.72963e-12 1.39511e-12 1.13625e-12 2.64051e-12 2.39851e-12 2.9968e-12 2.53382e-12 2.72505e-12 2.00394e-12 1.96546e-12 2.35723e-12 2.66116e-12 1.5679e-12 2.16204e-12 2.39778e-12 1.35012e-12 3.63612e-12 2.5529e-12 3.48248e-12 1.86892e-12 4.4037e-12 3.36931e-12 1.79477e-12 2.46561e-12 3.19214e-12 2.32672e-12 2.95428e-12 3.00014e-12 1.99336e-12 3.80307e-12 3.58232e-12 2.09428e-12 1.10437e-12 1.90816e-12 2.48136e-12 1.42073e-12 2.40043e-12 2.25667e-12 2.25917e-12 2.11678e-12 2.74534e-12 1.91392e-12 1.81162e-12 2.60348e-12 2.47309e-12 2.04802e-12 1.1928e-12 2.50321e-12 1.12661e-12 2.14397e-12 1.93193e-12 2.83989e-12 1.39265e-12 1.41272e-12 
2.0574e-12 1.55829e-12 1.73871e-12 2.46661e-12 2.7125e-12 1.49365e-12 3.66242e-12 3.07249e-12 2.00774e-12 2.9824e-12 2.58684e-12 1.53048e-12 2.53262e-12 3.34123e-12 2.46956e-12 2.56673e-12 2.35924e-12 2.66003e-12 1.71111e-12 2.58384e-12 1.66306e-12 2.37466e-12 1.79968e-12 3.77018e-12 2.41459e-12 1.42635e-12 1.55077e-12 2.7107e-12 2.38183e-12 1.58444e-12 2.42855e-12 2.33209e-12 1.67833e-12 3.01252e-12 1.6263e-12 2.79142e-12 1.8843e-12 1.26828e-12 2.57476e-12 1.40976e-12 2.67917e-12 2.72924e-12 2.55841e-12 2.67685e-12 3.62951e-12 3.7855e-12 2.4259e-12 3.37993e-12 1.70404e-12 2.18833e-12 2.70304e-12 2.12568e-12 2.54879e-12 1.91469e-12 1.92488e-12 3.01485e-12 2.70294e-12 1.77691e-12 2.11788e-12 1.94893e-12 1.90847e-12 8.65712e-13 3.85158e-12 1.32671e-12 3.60199e-12 1.9296e-12 1.94352e-12 2.09014e-12 2.75098e-12 2.62468e-12 2.12604e-12 2.7003e-12 3.01619e-12 2.16055e-12 1.45408e-12 1.62566e-12 2.96741e-12 3.65889e-12 6.21063e-13 1.92625e-12 4.0758e-12 2.12366e-12 1.33014e-12 4.22792e-12 2.81827e-12 2.64353e-12 2.02326e-12 2.25467e-12 2.27478e-12 2.24921e-12 1.20517e-12 1.5214e-12 2.40695e-12 7.08596e-13 1.51432e-12 2.20038e-12 5.94434e-13 1.47573e-12 1.47116e-12 6.00903e-13 
1.064e-12 1.71295e-12 1.56215e-12 2.58666e-12 2.27901e-12 2.22268e-12 3.17991e-12 1.54381e-12 1.87038e-12 2.79747e-12 1.11157e-12 6.32255e-13 3.01458e-12 2.77176e-12 1.85673e-12 1.55192e-12 1.72508e-12 3.50898e-12 2.51971e-12 2.23425e-12 2.24716e-12 2.79699e-12 3.63404e-12 1.64353e-12 4.0413e-12 3.28042e-12 3.87227e-12 1.20079e-12 1.68275e-12 2.62177e-12 3.51536e-12 2.75633e-12 4.14982e-12 3.40847e-12 2.62931e-12 2.06096e-12 2.19526e-12 2.66141e-12 2.0036e-12 1.48396e-12 2.09765e-12 3.12841e-12 2.84531e-12 2.30766e-12 4.28632e-12 2.59147e-12 1.40734e-12 2.33078e-12 2.6355e-12 2.69523e-12 3.32648e-12 2.73715e-12 2.10494e-12 1.83221e-12 2.67104e-12 2.83458e-12 1.79393e-12 1.72028e-12 2.6751e-12 1.63832e-12 2.24106e-12 4.23735e-12 2.15963e-12 2.50477e-12 4.14601e-12 2.45587e-12 3.68432e-12 4.00028e-12 1.64614e-12 2.6512e-12 2.91535e-12 3.15325e-12 1.49264e-12 3.51918e-12 3.22385e-12 2.41512e-12 2.61072e-12 2.88556e-12 1.93088e-12 2.20025e-12 2.0998e-12 2.62935e-12 3.36328e-12 1.25057e-12 3.17334e-12 2.95318e-12 1.04551e-12 2.6823e-12 1.8271e-12 1.94152e-12 3.08608e-12 1.50999e-12 2.59518e-12 9.85693e-13 1.9885e-12 1.59191e-12 1.86926e-12 6.87185e-13 1.96799e-12 1.779e-12 
2.21175e-12 9.20232e-13 2.74244e-12 1.36245e-12 1.88827e-12 1.45218e-12 1.65734e-12 2.63987e-12 2.93262e-12 1.64485e-12 1.97426e-12 2.93319e-12 1.81703e-12 2.21762e-12 2.81694e-12 2.21099e-12 2.59723e-12 3.2154e-12 1.84976e-12 2.97368e-12 2.91179e-12 2.21402e-12 1.23562e-12 1.69085e-12 2.69025e-12 1.78706e-12 3.76073e-12 2.55204e-12 2.42146e-12 2.40835e-12 1.61649e-12 2.9301e-12 2.30429e-12 3.0059e-12 3.17877e-12 2.98662e-12 2.42141e-12 3.51188e-12 2.14352e-12 2.64322e-12 2.76221e-12 3.10369e-12 1.46531e-12 2.58439e-12 3.29829e-12 4.03939e-12 1.31085e-12 2.75897e-12 3.62826e-12 1.23934e-12 3.95797e-12 1.75566e-12 2.28997e-12 1.79669e-12 3.34515e-12 2.82371e-12 3.17979e-12 2.82207e-12 2.27733e-12 2.60436e-12 3.26691e-12 1.57156e-12 3.03936e-12 3.86773e-12 2.47659e-12 2.15785e-12 2.65518e-12 2.91e-12 2.69604e-12 2.97482e-12 2.63997e-12 3.39201e-12 2.32758e-12 2.44601e-12 2.47355e-12 8.40272e-13 3.96327e-12 2.12181e-12 2.01904e-12 2.16935e-12 2.89306e-12 2.99343e-12 1.57312e-12 2.67798e-12 1.79512e-12 2.52715e-12 1.5431e-12 1.5221e-12 2.13455e-12 3.60407e-12 3.30255e-12 2.0963e-12 2.34677e-12 1.67394e-12 2.41939e-12 1.77945e-12 2.01293e-12 3.20077e-12 1.72437e-12 1.90183e-12 
1.90202e-12 2.06756e-12 2.39101e-12 2.09633e-12 2.42478e-12 2.33603e-12 2.19141e-12 1.87546e-12 1.16226e-12 2.73528e-12 1.6289e-12 1.68302e-12 2.86413e-12 3.04399e-12 3.45152e-12 1.50259e-12 2.51152e-12 3.31364e-12 2.83621e-12 3.35048e-12 2.32891e-12 2.67086e-12 3.66367e-12 2.06957e-12 2.41696e-12 4.21731e-12 2.10068e-12 3.45294e-12 2.58441e-12 3.47513e-12 3.51113e-12 2.26232e-12 3.5639e-12 3.99241e-12 3.31629e-12 2.73478e-12 2.96851e-12 2.91684e-12 3.52938e-12 3.61791e-12 2.59837e-12 2.74842e-12 4.35301e-12 2.88024e-12 2.47788e-12 3.59054e-12 2.62207e-12 3.32295e-12 3.65604e-12 3.45201e-12 2.39955e-12 2.59787e-12 2.24331e-12 2.8754e-12 1.36002e-12 3.1752e-12 4.35676e-12 3.60312e-12 3.16996e-12 4.01844e-12 3.56421e-12 1.6497e-12 2.50991e-12 1.67305e-12 3.29111e-12 2.39755e-12 2.0502e-12 2.31372e-12 2.51858e-12 2.94121e-12 4.23682e-12 2.81652e-12 3.07148e-12 4.36532e-12 2.34303e-12 3.52661e-12 3.26059e-12 2.23371e-12 2.31648e-12 4.45674e-12 1.65489e-12 2.10308e-12 1.90569e-12 2.70706e-12 2.79133e-12 2.41767e-12 3.15266e-12 2.30526e-12 3.3046e-12 3.84076e-12 1.68416e-12 2.25371e-12 9.92547e-13 1.39757e-12 1.68185e-12 1.48697e-12 2.48871e-12 2.83907e-12 1.87227e-12 2.08739e-12 
5.10018e-13 1.67769e-12 1.97599e-12 1.88517e-12 2.38961e-12 2.82488e-12 1.35767e-12 3.5304e-12 3.4602e-12 3.14138e-12 2.31139e-12 3.54944e-12 2.91965e-12 2.50975e-12 8.16518e-13 3.09609e-12 3.83755e-12 2.74014e-12 3.21159e-12 3.14154e-12 3.03391e-12 2.63668e-12 3.09024e-12 2.57528e-12 3.39061e-12 3.49303e-12 3.79184e-12 2.95409e-12 3.12775e-12 3.68155e-12 4.52779e-12 3.7159e-12 2.59506e-12 3.35838e-12 2.76544e-12 2.88802e-12 1.52819e-12 2.15479e-12 3.80372e-12 2.50043e-12 2.68741e-12 1.31295e-12 3.24178e-12 3.42114e-12 2.80029e-12 2.62592e-12 3.21588e-12 3.19924e-12 2.55668e-12 2.96982e-12 4.26228e-12 3.66643e-12 3.38854e-12 5.01911e-12 1.96908e-12 2.65538e-12 2.83586e-12 2.58801e-12 3.54898e-12 1.90302e-12 3.55579e-12 2.92853e-12 4.52289e-12 2.60113e-12 2.28839e-12 2.128e-12 3.86675e-12 2.63501e-12 3.09017e-12 3.02084e-12 3.15348e-12 1.65685e-12 3.16457e-12 3.20703e-12 2.24915e-12 3.69146e-12 3.28523e-12 3.2361e-12 2.3516e-12 3.22515e-12 2.68281e-12 2.49833e-12 3.19367e-12 3.57124e-12 2.27513e-12 1.39404e-12 1.72548e-12 1.84565e-12 3.32388e-12 2.49566e-12 1.95305e-12 3.72293e-12 1.9398e-12 1.53684e-12 1.9009e-12 2.3365e-12 2.42235e-12 1.83346e-12 1.69926e-12 1.23174e-12 
8.8323e-13 1.96682e-12 1.57482e-12 2.25548e-12 1.99082e-12 2.16276e-12 1.44665e-12 2.75167e-12 1.57969e-12 2.36845e-12 2.10719e-12 3.26153e-12 2.74479e-12 2.53938e-12 1.88027e-12 2.10187e-12 3.16943e-12 2.47418e-12 4.18809e-12 3.31279e-12 3.02443e-12 2.6487e-12 3.12031e-12 3.71537e-12 3.34645e-12 3.34955e-12 3.13606e-12 1.86841e-12 2.7662e-12 3.48605e-12 2.07056e-12 3.29052e-12 2.5472e-12 2.05851e-12 2.87116e-12 3.80397e-12 3.18888e-12 2.86899e-12 4.92984e-12 1.64993e-12 4.35474e-12 2.29985e-12 4.28435e-12 2.73193e-12 3.0061e-12 2.99622e-12 2.67216e-12 1.88835e-12 3.12096e-12 1.78884e-12 2.62476e-12 2.0533e-12 3.21012e-12 3.99836e-12 3.21629e-12 4.5833e-12 3.08087e-12 3.01894e-12 2.38857e-12 3.32895e-12 1.05201e-12 2.68111e-12 4.30788e-12 3.08873e-12 3.5382e-12 2.52868e-12 2.85879e-12 2.29812e-12 2.21344e-12 2.31392e-12 3.70509e-12 2.661e-12 4.08304e-12 4.04107e-12 1.93093e-12 3.0861e-12 1.98919e-12 1.90653e-12 3.62458e-12 2.59116e-12 3.83715e-12 2.62798e-12 1.81342e-12 1.40324e-12 3.46379e-12 2.30183e-12 3.36802e-12 3.36511e-12 1.93582e-12 1.41325e-12 2.15025e-12 3.4967e-12 2.61744e-12 2.86946e-12 2.9324e-12 1.61334e-12 2.17768e-12 2.32246e-12 1.94284e-12 5.79193e-13 
2.88559e-12 1.98147e-12 1.25786e-12 2.17878e-12 2.04744e-12 2.63843e-12 3.49666e-12 1.63695e-12 2.08761e-12 1.46865e-12 4.30661e-12 3.39937e-12 2.16181e-12 3.72448e-12 2.6346e-12 2.4612e-12 2.51035e-12 2.36857e-12 1.7281e-12 2.49323e-12 2.74965e-12 2.99104e-12 2.14601e-12 3.59644e-12 3.08817e-12 1.71164e-12 2.32779e-12 4.63278e-12 3.97986e-12 1.55981e-12 1.80064e-12 3.29158e-12 3.11942e-12 3.81561e-12 4.113e-12 2.827e-12 4.00428e-12 3.72693e-12 3.691e-12 3.05475e-12 3.51198e-12 2.71996e-12 3.53814e-12 3.87612e-12 3.39544e-12 2.76896e-12 3.07276e-12 4.59028e-12 2.4679e-12 4.24422e-12 3.22955e-12 4.45645e-12 5.47033e-12 3.74481e-12 3.69128e-12 4.40962e-12 2.25345e-12 3.42794e-12 3.40562e-12 2.98344e-12 2.86307e-12 4.61582e-12 1.88609e-12 4.17051e-12 2.74027e-12 3.26575e-12 3.12929e-12 3.09978e-12 2.4095e-12 2.16574e-12 3.70654e-12 2.90424e-12 1.46201e-12 3.39774e-12 2.65857e-12 3.76108e-12 1.77609e-12 4.4535e-12 2.79098e-12 3.46769e-12 3.11636e-12 2.91336e-12 3.36173e-12 3.98807e-12 3.18776e-12 4.05541e-12 3.38402e-12 4.39945e-12 4.26778e-12 2.21178e-12 2.64384e-12 2.74786e-12 2.50313e-12 3.0941e-12 1.7038e-12 3.40811e-12 3.19602e-12 2.56396e-12 1.94403e-12 3.01124e-12 
1.27364e-12 2.87627e-12 3.2943e-12 2.66113e-12 1.46402e-12 3.35341e-12 2.59498e-12 2.75138e-12 3.3552e-12 2.03078e-12 2.12209e-12 2.95766e-12 3.40582e-12 2.68229e-12 1.33948e-12 2.67002e-12 2.14269e-12 3.23427e-12 3.85915e-12 2.54788e-12 4.78393e-12 2.61301e-12 3.1684e-12 1.92595e-12 3.41403e-12 3.86712e-12 3.18522e-12 3.76283e-12 2.55125e-12 3.3715e-12 3.02224e-12 2.50438e-12 3.86104e-12 2.99316e-12 3.80629e-12 5.0947e-12 3.30765e-12 3.04754e-12 2.39817e-12 3.51025e-12 2.54605e-12 4.09504e-12 3.83098e-12 2.83831e-12 3.23489e-12 3.32953e-12 3.01402e-12 2.19142e-12 4.51971e-12 2.84253e-12 2.96514e-12 4.31573e-12 3.98719e-12 4.22061e-12 2.04568e-12 3.5525e-12 2.59922e-12 3.12112e-12 3.79996e-12 2.61853e-12 4.04729e-12 3.69378e-12 3.09574e-12 3.49094e-12 3.05538e-12 3.23516e-12 3.85445e-12 2.7843e-12 1.21327e-12 4.04394e-12 4.36158e-12 3.61585e-12 2.55508e-12 3.13874e-12 2.56492e-12 2.76199e-12 3.24338e-12 3.14786e-12 3.86776e-12 2.46017e-12 3.00992e-12 2.64729e-12 2.84218e-12 3.52836e-12 1.88614e-12 3.41197e-12 4.33817e-12 2.27785e-12 2.45189e-12 3.28799e-12 2.54382e-12 2.54353e-12 2.46446e-12 3.35721e-12 2.71683e-12 2.39215e-12 4.50459e-12 1.86794e-12 2.37096e-12 2.07327e-12 
1.5549e-12 2.5609e-12 4.10419e-12 2.65162e-12 1.57674e-12 3.35753e-12 2.48063e-12 2.7294e-12 3.75553e-12 3.13131e-12 3.80607e-12 1.56226e-12 1.57416e-12 2.69076e-12 3.52167e-12 2.13139e-12 1.90979e-12 3.28176e-12 2.25739e-12 3.04093e-12 3.69926e-12 2.72991e-12 2.83923e-12 2.58249e-12 2.78136e-12 3.17337e-12 2.27608e-12 3.57906e-12 3.02972e-12 2.62208e-12 3.30364e-12 2.72168e-12 4.06166e-12 4.52191e-12 2.77386e-12 3.18306e-12 4.60931e-12 3.38709e-12 2.99301e-12 3.85982e-12 3.29109e-12 5.00909e-12 4.80096e-12 3.35037e-12 2.96373e-12 4.73713e-12 3.86255e-12 3.80589e-12 4.58328e-12 4.19047e-12 3.38883e-12 3.30841e-12 3.52937e-12 4.64975e-12 3.71814e-12 3.3033e-12 2.79314e-12 3.38243e-12 3.30542e-12 2.69795e-12 3.26892e-12 3.92629e-12 2.46418e-12 5.17322e-12 3.65254e-12 2.62216e-12 2.89709e-12 3.71073e-12 2.96561e-12 5.39574e-12 2.59604e-12 3.92247e-12 4.69541e-12 3.72241e-12 3.10448e-12 2.62754e-12 2.6738e-12 2.97842e-12 3.01581e-12 4.50019e-12 3.30702e-12 2.72347e-12 3.27882e-12 3.17477e-12 1.06031e-12 3.67866e-12 1.99011e-12 2.0656e-12 3.06535e-12 3.44843e-12 3.53083e-12 2.67346e-12 2.0751e-12 2.89747e-12 2.36034e-12 2.32419e-12 3.44777e-12 1.92583e-12 2.90214e-12 1.61863e-12 
2.28991e-12 2.2031e-12 2.08936e-12 1.43469e-12 1.52924e-12 2.66529e-12 4.57701e-12 2.80271e-12 2.1819e-12 2.31429e-12 2.42966e-12 3.16988e-12 3.85144e-12 2.87679e-12 2.78058e-12 2.76651e-12 2.73213e-12 3.05406e-12 3.4448e-12 1.30349e-12 3.38435e-12 3.36478e-12 2.70776e-12 3.12326e-12 4.1828e-12 2.20415e-12 2.60451e-12 5.30233e-12 3.62605e-12 4.2115e-12 4.87357e-12 3.6355e-12 2.56402e-12 4.96539e-12 3.4572e-12 3.47122e-12 3.33339e-12 4.38731e-12 4.00042e-12 3.24647e-12 4.3065e-12 4.03533e-12 3.20251e-12 3.88369e-12 4.17922e-12 3.93005e-12 4.0284e-12 3.07818e-12 3.22539e-12 3.84876e-12 4.23966e-12 3.21632e-12 2.77581e-12 2.79454e-12 3.87327e-12 2.94506e-12 3.49362e-12 3.78885e-12 3.25368e-12 3.82788e-12 5.66057e-12 2.55563e-12 3.60288e-12 2.40192e-12 4.19786e-12 2.61701e-12 4.7597e-12 2.57511e-12 3.76057e-12 2.05842e-12 2.764e-12 3.95839e-12 2.65962e-12 3.33135e-12 3.31035e-12 2.16724e-12 2.18401e-12 3.39977e-12 3.90355e-12 3.3284e-12 3.03818e-12 3.22555e-12 2.25262e-12 3.79689e-12 2.80304e-12 2.3118e-12 2.81675e-12 2.86807e-12 1.29706e-12 2.02871e-12 2.05035e-12 2.83924e-12 3.20927e-12 2.95238e-12 2.52061e-12 2.02608e-12 2.38276e-12 1.46446e-12 1.17176e-12 1.89922e-12 
2.52944e-12 2.8383e-12 3.73323e-12 1.88707e-12 3.48858e-12 2.738e-12 3.04842e-12 3.03895e-12 2.83113e-12 3.32413e-12 3.93517e-12 2.27581e-12 2.89517e-12 3.69568e-12 2.50856e-12 4.19621e-12 4.35394e-12 4.37449e-12 4.21728e-12 3.0681e-12 4.0703e-12 2.64766e-12 1.97996e-12 3.18137e-12 4.24861e-12 3.51415e-12 4.20902e-12 4.97598e-12 2.76605e-12 2.76268e-12 4.00072e-12 4.96398e-12 3.66346e-12 3.26216e-12 4.67809e-12 3.04582e-12 6.48129e-12 2.11979e-12 3.75874e-12 2.30029e-12 2.44349e-12 4.99694e-12 3.64934e-12 2.73888e-12 4.06873e-12 2.78863e-12 4.48201e-12 4.40781e-12 5.48078e-12 3.24783e-12 4.58464e-12 3.14465e-12 3.25147e-12 4.62335e-12 4.33295e-12 4.99249e-12 2.30321e-12 3.76798e-12 4.12811e-12 4.56378e-12 4.38421e-12 3.81289e-12 2.11228e-12 2.16599e-12 2.66532e-12 4.85516e-12 3.81238e-12 3.5084e-12 4.16371e-12 4.40356e-12 3.6077e-12 1.92348e-12 3.42465e-12 2.40166e-12 3.93676e-12 4.16056e-12 4.13067e-12 4.15448e-12 3.46331e-12 4.93925e-12 2.43777e-12 3.37801e-12 3.76287e-12 3.45712e-12 2.67816e-12 2.89316e-12 1.90011e-12 3.25087e-12 2.13594e-12 3.76803e-12 4.18956e-12 3.44428e-12 3.2608e-12 2.60417e-12 3.20139e-12 2.11051e-12 2.83017e-12 3.45277e-12 1.92425e-12 1.7889e-12 
2.76819e-12 2.86133e-12 2.52452e-12 1.9707e-12 3.51965e-12 3.16836e-12 2.01277e-12 2.84575e-12 2.39644e-12 3.7883e-12 2.27744e-12 3.77957e-12 3.93323e-12 5.24645e-12 3.32089e-12 2.61999e-12 3.85689e-12 2.91674e-12 2.98651e-12 3.607e-12 4.8926e-12 4.34328e-12 5.31704e-12 4.02619e-12 3.28253e-12 3.08589e-12 3.92131e-12 3.75695e-12 3.67548e-12 4.66134e-12 3.72376e-12 2.42793e-12 3.77776e-12 4.33796e-12 3.3171e-12 3.33323e-12 4.00258e-12 4.46912e-12 5.20656e-12 4.52945e-12 4.7448e-12 3.15169e-12 4.74457e-12 3.85551e-12 5.29725e-12 5.9065e-12 4.02227e-12 4.31666e-12 4.89913e-12 3.73231e-12 3.82748e-12 3.2178e-12 3.17129e-12 4.47112e-12 3.98815e-12 3.55503e-12 5.47773e-12 3.89464e-12 4.07316e-12 4.7808e-12 3.56291e-12 3.4161e-12 5.29577e-12 3.97183e-12 3.38514e-12 3.78383e-12 4.39652e-12 4.65705e-12 5.52347e-12 3.34797e-12 4.25895e-12 4.45523e-12 4.35993e-12 5.38904e-12 5.73808e-12 3.55136e-12 3.3778e-12 2.3066e-12 4.6748e-12 3.28201e-12 3.65722e-12 4.47577e-12 4.14134e-12 2.62364e-12 2.9671e-12 5.1839e-12 4.23952e-12 3.70748e-12 3.7369e-12 3.31419e-12 3.79739e-12 4.42461e-12 2.33321e-12 3.22307e-12 4.07008e-12 1.51027e-12 3.37844e-12 1.08719e-12 1.92443e-12 2.34609e-12 
1.5398e-12 3.81629e-12 1.52437e-12 3.86804e-12 2.92823e-12 4.16909e-12 3.23023e-12 2.87455e-12 2.18377e-12 4.04486e-12 2.50972e-12 3.41733e-12 3.75467e-12 3.21161e-12 3.11461e-12 3.60782e-12 3.69204e-12 4.72287e-12 2.53761e-12 3.65496e-12 2.86477e-12 3.60678e-12 4.09735e-12 5.21044e-12 2.62687e-12 5.36021e-12 3.8256e-12 4.54132e-12 3.83339e-12 5.63814e-12 3.83501e-12 2.63306e-12 4.51598e-12 4.72796e-12 3.68712e-12 3.97766e-12 4.65686e-12 4.79224e-12 4.94867e-12 2.4947e-12 4.5885e-12 3.5493e-12 4.41636e-12 6.89486e-12 4.08266e-12 5.55726e-12 3.17243e-12 4.01216e-12 5.60247e-12 4.75265e-12 2.3058e-12 4.39645e-12 4.78524e-12 4.03366e-12 3.43723e-12 5.25218e-12 5.57969e-12 5.59033e-12 5.10364e-12 4.30077e-12 3.85076e-12 4.04262e-12 4.11945e-12 4.94067e-12 5.04612e-12 4.2231e-12 5.31864e-12 4.47079e-12 3.1764e-12 4.41556e-12 5.64353e-12 4.15205e-12 3.37472e-12 3.97438e-12 3.2919e-12 3.6263e-12 4.06905e-12 3.94319e-12 4.16507e-12 3.3939e-12 3.48442e-12 3.98914e-12 3.96617e-12 3.42414e-12 3.11205e-12 3.76373e-12 3.4612e-12 3.35861e-12 3.22628e-12 2.02475e-12 3.38311e-12 3.58703e-12 4.29718e-12 4.61453e-12 3.57295e-12 4.48275e-12 2.42255e-12 1.98792e-12 2.29523e-12 1.23298e-12 
3.51072e-12 2.0958e-12 3.13962e-12 2.64092e-12 4.05113e-12 2.91752e-12 4.23074e-12 2.74607e-12 2.89684e-12 2.41015e-12 3.60234e-12 3.93032e-12 3.39606e-12 5.23159e-12 1.90193e-12 3.41193e-12 3.95474e-12 4.14563e-12 2.87765e-12 3.35857e-12 3.87505e-12 7.23673e-12 3.74501e-12 4.91484e-12 5.68276e-12 2.7972e-12 4.42071e-12 2.80517e-12 3.24893e-12 4.80184e-12 5.62874e-12 3.6571e-12 5.29054e-12 5.12094e-12 4.33092e-12 4.13235e-12 4.13776e-12 4.84473e-12 5.71235e-12 5.48801e-12 3.37275e-12 4.32077e-12 4.40383e-12 2.81035e-12 4.3395e-12 3.54583e-12 4.43439e-12 4.59573e-12 2.79734e-12 4.44734e-12 4.29192e-12 5.13855e-12 4.60034e-12 5.71896e-12 3.91351e-12 4.33309e-12 3.60277e-12 6.46863e-12 4.96765e-12 4.97423e-12 4.3795e-12 4.25911e-12 5.76592e-12 3.44418e-12 5.56788e-12 3.12372e-12 4.29111e-12 2.85929e-12 4.20488e-12 3.94339e-12 5.03241e-12 3.53627e-12 4.33769e-12 2.77072e-12 5.34289e-12 3.98866e-12 4.70396e-12 4.63867e-12 2.2123e-12 3.68135e-12 3.44352e-12 4.27547e-12 4.43635e-12 2.58273e-12 4.43615e-12 4.69754e-12 3.7235e-12 2.84555e-12 4.60261e-12 3.29893e-12 2.86768e-12 4.45548e-12 4.59566e-12 2.63651e-12 3.74034e-12 2.55509e-12 2.61853e-12 1.94271e-12 2.99891e-12 2.57968e-12 
2.30337e-12 2.5109e-12 2.36133e-12 2.8591e-12 1.97285e-12 2.19216e-12 4.28792e-12 1.6636e-12 3.52793e-12 3.6583e-12 4.18826e-12 3.41465e-12 5.00671e-12 5.39319e-12 3.01738e-12 4.02986e-12 3.76683e-12 4.89112e-12 4.98298e-12 5.11105e-12 3.36203e-12 3.52631e-12 4.72172e-12 2.32699e-12 4.19665e-12 4.03233e-12 4.16035e-12 4.05064e-12 3.50243e-12 5.55324e-12 5.38892e-12 4.31888e-12 3.68629e-12 5.76686e-12 4.1066e-12 3.76832e-12 5.01147e-12 2.56785e-12 5.51949e-12 4.72292e-12 3.72399e-12 6.51518e-12 5.20053e-12 5.32953e-12 3.65108e-12 4.83918e-12 4.33522e-12 4.82029e-12 5.57551e-12 5.54946e-12 2.45598e-12 5.00797e-12 4.32069e-12 4.59872e-12 3.74936e-12 4.94267e-12 3.78507e-12 4.48643e-12 4.37185e-12 4.03187e-12 4.80105e-12 4.11022e-12 3.65694e-12 4.63069e-12 4.82547e-12 3.9711e-12 3.96941e-12 3.28148e-12 5.81608e-12 6.60193e-12 4.31345e-12 3.26543e-12 4.95874e-12 5.66015e-12 5.25116e-12 4.78108e-12 3.73915e-12 4.18554e-12 3.92472e-12 4.72876e-12 3.95047e-12 5.44094e-12 5.73037e-12 5.78438e-12 2.496e-12 4.05017e-12 4.16449e-12 4.54758e-12 3.8762e-12 5.28944e-12 2.25352e-12 4.13303e-12 3.84456e-12 4.8112e-12 3.73728e-12 1.74411e-12 3.02799e-12 3.39629e-12 2.05504e-12 1.84135e-12 
3.48772e-12 2.40109e-12 2.00502e-12 2.54712e-12 2.74448e-12 3.02987e-12 3.38917e-12 3.06723e-12 4.03424e-12 2.86798e-12 2.94307e-12 3.83647e-12 3.69954e-12 3.74312e-12 2.97387e-12 2.46133e-12 3.14436e-12 2.7358e-12 5.46091e-12 2.50718e-12 3.2051e-12 5.03239e-12 5.37444e-12 3.63621e-12 3.87196e-12 4.77499e-12 4.06042e-12 4.18894e-12 4.92221e-12 6.28507e-12 6.80825e-12 6.53909e-12 5.19989e-12 3.90295e-12 3.99201e-12 5.13002e-12 4.96373e-12 6.82699e-12 4.60196e-12 4.22501e-12 2.27796e-12 6.45323e-12 7.82256e-12 4.12309e-12 4.97475e-12 5.44776e-12 4.82632e-12 6.69107e-12 4.80842e-12 5.01244e-12 5.26164e-12 6.12136e-12 5.84441e-12 4.21763e-12 5.51608e-12 5.37789e-12 5.09225e-12 3.99978e-12 4.29899e-12 5.20394e-12 4.96534e-12 5.03854e-12 4.80518e-12 3.91662e-12 5.60447e-12 3.93462e-12 4.56574e-12 5.20007e-12 5.86061e-12 4.37924e-12 3.42758e-12 4.92785e-12 3.7821e-12 4.71425e-12 4.95337e-12 3.98802e-12 6.60439e-12 4.00629e-12 5.37718e-12 3.20211e-12 2.88598e-12 3.38246e-12 3.82059e-12 2.95231e-12 4.46113e-12 4.30745e-12 5.81096e-12 3.46788e-12 2.24304e-12 4.33438e-12 3.9118e-12 5.00191e-12 3.76464e-12 3.96031e-12 3.38858e-12 3.57656e-12 2.76737e-12 1.89178e-12 3.59578e-12 1.41281e-12 
3.25464e-12 1.97365e-12 3.32823e-12 2.0767e-12 3.68914e-12 3.31158e-12 2.50234e-12 3.50886e-12 4.00445e-12 2.49333e-12 3.07734e-12 3.86915e-12 5.52134e-12 5.17996e-12 3.73743e-12 5.15033e-12 3.66983e-12 2.41244e-12 3.80712e-12 4.08258e-12 4.01506e-12 3.04517e-12 3.74179e-12 2.85856e-12 4.96284e-12 4.19971e-12 4.86509e-12 4.677e-12 4.32191e-12 5.252e-12 3.90683e-12 3.86201e-12 6.1985e-12 3.6445e-12 4.74589e-12 5.6273e-12 4.62512e-12 3.80423e-12 4.42514e-12 5.18951e-12 4.44146e-12 4.85868e-12 4.12316e-12 3.6694e-12 5.51868e-12 5.54244e-12 4.90486e-12 5.6026e-12 5.12861e-12 5.03893e-12 4.39282e-12 4.94605e-12 3.5376e-12 4.09988e-12 5.67346e-12 7.07669e-12 3.49515e-12 4.92753e-12 4.03555e-12 4.57624e-12 5.71574e-12 4.75646e-12 4.05536e-12 4.9077e-12 6.11482e-12 5.45891e-12 4.04035e-12 5.40272e-12 3.97545e-12 5.86152e-12 5.20078e-12 5.0356e-12 5.55565e-12 4.97137e-12 5.48173e-12 3.66712e-12 5.071e-12 5.67137e-12 5.87634e-12 4.45337e-12 4.01639e-12 3.38507e-12 3.5489e-12 3.17399e-12 4.41391e-12 3.30577e-12 4.02827e-12 4.26754e-12 4.6453e-12 4.41239e-12 4.61599e-12 3.52144e-12 1.63489e-12 1.96788e-12 1.37305e-12 3.49904e-12 3.02133e-12 2.97404e-12 2.0891e-12 2.65902e-12 
2.55166e-12 2.52294e-12 2.28617e-12 3.49222e-12 2.4932e-12 4.43683e-12 2.78304e-12 3.21339e-12 4.69084e-12 3.69905e-12 3.39866e-12 5.34276e-12 4.41628e-12 3.28748e-12 4.88937e-12 4.12057e-12 4.20758e-12 5.73572e-12 3.62876e-12 2.69758e-12 5.10495e-12 4.47081e-12 5.88408e-12 3.67484e-12 6.12693e-12 7.24134e-12 6.82253e-12 4.23948e-12 4.97698e-12 5.25751e-12 2.87507e-12 4.99361e-12 3.88065e-12 3.92844e-12 5.53373e-12 3.92283e-12 6.62041e-12 4.28129e-12 4.04914e-12 4.68317e-12 5.22692e-12 5.35335e-12 3.86215e-12 4.46425e-12 6.22253e-12 3.8606e-12 4.79699e-12 4.01697e-12 6.52644e-12 5.2938e-12 5.08089e-12 4.03941e-12 4.89977e-12 4.16482e-12 5.04207e-12 5.37171e-12 5.32596e-12 6.65104e-12 5.23791e-12 6.91732e-12 5.46589e-12 4.63428e-12 4.03388e-12 4.77939e-12 5.34348e-12 6.526e-12 5.74184e-12 4.56803e-12 4.65053e-12 6.55141e-12 4.7402e-12 5.31464e-12 5.75119e-12 5.61946e-12 4.49924e-12 4.33807e-12 3.45377e-12 4.14019e-12 5.61251e-12 4.5676e-12 4.03533e-12 5.29941e-12 3.11408e-12 3.20406e-12 3.807e-12 4.24097e-12 3.61813e-12 3.65759e-12 4.80522e-12 3.64194e-12 4.43635e-12 4.83478e-12 4.1537e-12 4.20408e-12 4.39472e-12 3.87581e-12 3.16117e-12 3.46666e-12 3.87888e-12 2.67083e-12 
2.84533e-12 4.72189e-12 3.62221e-12 4.56611e-12 4.17477e-12 3.22141e-12 4.66165e-12 4.06674e-12 4.63145e-12 4.32626e-12 4.38733e-12 4.81063e-12 5.32421e-12 3.4008e-12 4.60945e-12 3.90019e-12 4.81601e-12 3.39118e-12 5.42674e-12 5.82863e-12 4.79398e-12 5.39719e-12 6.0347e-12 5.31227e-12 3.70624e-12 4.23622e-12 5.3541e-12 4.62181e-12 3.76458e-12 4.63019e-12 6.04586e-12 4.54008e-12 4.73227e-12 6.44446e-12 4.76378e-12 5.40939e-12 4.6488e-12 6.49763e-12 5.07417e-12 3.13992e-12 5.34774e-12 5.25074e-12 4.16091e-12 3.42924e-12 6.14968e-12 4.84925e-12 6.31717e-12 4.67253e-12 3.60256e-12 5.32219e-12 5.77469e-12 5.96198e-12 6.58613e-12 3.39869e-12 4.9055e-12 6.21052e-12 5.01601e-12 4.0877e-12 4.70463e-12 4.46569e-12 7.36503e-12 5.42255e-12 5.44507e-12 4.26834e-12 4.62532e-12 5.05909e-12 4.18546e-12 5.27596e-12 6.22352e-12 5.45638e-12 5.99151e-12 5.04596e-12 6.85575e-12 4.91261e-12 6.94465e-12 4.09678e-12 5.4815e-12 3.73628e-12 5.44276e-12 5.75667e-12 4.49632e-12 4.27354e-12 5.3785e-12 5.99094e-12 4.43936e-12 3.43603e-12 2.75407e-12 4.80881e-12 4.54293e-12 5.5778e-12 3.94554e-12 5.95938e-12 2.35343e-12 4.97704e-12 3.60346e-12 3.02028e-12 3.16771e-12 4.96219e-12 3.16593e-12 3.07706e-12 
4.07816e-12 3.85349e-12 3.22349e-12 3.05295e-12 3.01913e-12 3.26393e-12 2.95573e-12 4.96783e-12 4.43832e-12 5.14458e-12 5.28596e-12 3.04245e-12 3.91707e-12 5.35741e-12 4.815e-12 3.74609e-12 3.89365e-12 4.77691e-12 5.11541e-12 5.07881e-12 6.10713e-12 5.68799e-12 5.90242e-12 3.85283e-12 6.24187e-12 3.42445e-12 4.26239e-12 6.54439e-12 4.47532e-12 4.62215e-12 5.52221e-12 6.72633e-12 6.62369e-12 7.26051e-12 4.8936e-12 4.08578e-12 5.86268e-12 9.00172e-12 5.13287e-12 5.23187e-12 6.49677e-12 5.2092e-12 5.54061e-12 5.49801e-12 7.1898e-12 6.80027e-12 5.68626e-12 4.87349e-12 3.9573e-12 6.47235e-12 4.91767e-12 5.4423e-12 5.59373e-12 6.4676e-12 5.24326e-12 6.84702e-12 4.66583e-12 6.11092e-12 6.47721e-12 4.76594e-12 5.29477e-12 4.46502e-12 3.60455e-12 4.10817e-12 5.62944e-12 6.66464e-12 8.40454e-12 6.20748e-12 5.52341e-12 4.61822e-12 4.91567e-12 4.73096e-12 5.11078e-12 5.08356e-12 4.66157e-12 6.081e-12 3.71678e-12 3.17091e-12 3.65951e-12 7.58974e-12 4.00269e-12 3.92422e-12 3.68376e-12 5.85037e-12 5.07004e-12 6.08281e-12 5.45551e-12 5.47941e-12 3.71398e-12 6.02669e-12 4.75063e-12 4.50512e-12 4.1385e-12 2.95311e-12 3.75442e-12 4.29301e-12 3.17126e-12 3.74394e-12 2.60396e-12 3.04852e-12 
4.80469e-12 3.60604e-12 4.09443e-12 3.45476e-12 4.37142e-12 4.40268e-12 4.80717e-12 3.17685e-12 2.82205e-12 2.84188e-12 5.07294e-12 4.54788e-12 4.39273e-12 5.59228e-12 5.449e-12 4.02482e-12 4.91901e-12 4.19417e-12 4.10905e-12 5.8319e-12 8.41276e-12 5.49338e-12 6.0404e-12 8.00341e-12 5.84712e-12 4.4992e-12 5.61156e-12 6.50986e-12 7.83723e-12 4.78017e-12 4.77688e-12 5.50957e-12 5.00822e-12 7.33863e-12 4.76106e-12 4.74688e-12 5.73806e-12 4.22688e-12 5.57729e-12 6.17734e-12 6.20108e-12 4.74049e-12 6.10109e-12 5.75624e-12 5.20693e-12 7.06626e-12 6.84285e-12 5.61605e-12 5.34939e-12 6.15923e-12 5.39358e-12 6.71249e-12 3.62262e-12 6.27848e-12 4.11155e-12 4.45379e-12 8.54238e-12 4.92811e-12 6.49541e-12 6.55859e-12 5.10205e-12 5.35804e-12 4.18269e-12 6.63858e-12 4.05527e-12 6.79078e-12 9.03507e-12 6.53903e-12 4.88175e-12 7.68859e-12 5.12808e-12 4.71667e-12 7.15249e-12 4.87285e-12 5.08801e-12 4.17141e-12 4.12751e-12 6.58386e-12 5.58254e-12 4.6231e-12 4.0374e-12 4.80392e-12 4.47167e-12 4.95941e-12 4.87014e-12 4.37373e-12 4.89765e-12 5.5704e-12 4.63155e-12 2.86829e-12 4.70423e-12 5.23645e-12 3.11964e-12 3.9864e-12 3.59999e-12 2.88271e-12 3.9883e-12 2.59693e-12 1.70539e-12 1.47358e-12 
5.13882e-12 3.06199e-12 4.59474e-12 5.2052e-12 2.63958e-12 2.79925e-12 4.00755e-12 3.02829e-12 4.94097e-12 4.57755e-12 3.53574e-12 5.62754e-12 5.11772e-12 4.15728e-12 4.7405e-12 4.47758e-12 5.75223e-12 6.26887e-12 4.67271e-12 3.39936e-12 7.24893e-12 4.61427e-12 5.96445e-12 4.73027e-12 7.53962e-12 5.36164e-12 6.91513e-12 5.37063e-12 6.41807e-12 6.04068e-12 6.14335e-12 6.25913e-12 5.53589e-12 6.85784e-12 5.89115e-12 6.83486e-12 5.7694e-12 6.83856e-12 6.05759e-12 5.04609e-12 5.73858e-12 4.34343e-12 6.60584e-12 7.90927e-12 6.68498e-12 2.81225e-12 6.9705e-12 6.00453e-12 6.64117e-12 6.27231e-12 5.29793e-12 6.03168e-12 6.24188e-12 3.77093e-12 7.07946e-12 5.31856e-12 5.79228e-12 3.69303e-12 6.01591e-12 4.41405e-12 6.71331e-12 7.43515e-12 5.84097e-12 6.04445e-12 5.39918e-12 6.2735e-12 7.08845e-12 5.62353e-12 4.90258e-12 5.34432e-12 6.77163e-12 4.95118e-12 6.82992e-12 3.06031e-12 5.59124e-12 6.26943e-12 5.65012e-12 5.49737e-12 4.7639e-12 4.34117e-12 5.00646e-12 5.74149e-12 5.28653e-12 5.72282e-12 3.86389e-12 4.54581e-12 5.67834e-12 7.01278e-12 5.03227e-12 5.02396e-12 3.54962e-12 4.05626e-12 4.11397e-12 3.85395e-12 3.79788e-12 4.06809e-12 3.71607e-12 4.60219e-12 3.06258e-12 3.84316e-12 
4.235e-12 2.83606e-12 2.55087e-12 3.55721e-12 5.31594e-12 6.21368e-12 4.19296e-12 3.43092e-12 4.21321e-12 5.77169e-12 4.38918e-12 4.91338e-12 6.75931e-12 6.79257e-12 7.92029e-12 4.21723e-12 4.43812e-12 5.10539e-12 4.48887e-12 3.2378e-12 4.26454e-12 6.99927e-12 5.16662e-12 6.40994e-12 5.73704e-12 6.45229e-12 6.52506e-12 5.20811e-12 5.77325e-12 5.25964e-12 6.88769e-12 6.28779e-12 4.32823e-12 6.79284e-12 6.74354e-12 6.39682e-12 6.99754e-12 6.34191e-12 5.50874e-12 5.51889e-12 7.39731e-12 6.69461e-12 5.44981e-12 7.3173e-12 7.45874e-12 5.26094e-12 5.94389e-12 4.19828e-12 8.52297e-12 5.727e-12 6.57716e-12 4.90925e-12 6.97266e-12 3.28076e-12 6.82213e-12 7.11987e-12 4.69467e-12 6.97153e-12 7.43009e-12 8.61594e-12 5.97185e-12 6.53896e-12 6.02007e-12 6.1266e-12 5.8729e-12 5.66783e-12 5.56475e-12 8.16268e-12 5.36706e-12 5.85243e-12 4.56753e-12 5.3707e-12 5.1488e-12 4.92314e-12 5.77098e-12 6.15144e-12 4.79746e-12 5.80988e-12 5.62198e-12 4.30902e-12 6.19516e-12 5.32893e-12 4.5299e-12 5.47401e-12 4.81609e-12 5.47346e-12 6.86114e-12 4.97842e-12 4.58836e-12 5.29788e-12 3.17328e-12 4.59759e-12 4.67579e-12 3.84966e-12 4.34826e-12 5.18437e-12 1.58214e-12 2.55333e-12 3.42148e-12 2.73207e-12 
3.36658e-12 4.46564e-12 2.67542e-12 2.77895e-12 6.82308e-12 5.52438e-12 4.74749e-12 5.28657e-12 4.48282e-12 4.10837e-12 3.22164e-12 6.12063e-12 4.5151e-12 5.08007e-12 3.97313e-12 4.56577e-12 5.47133e-12 6.80157e-12 5.21837e-12 5.52878e-12 6.36394e-12 5.36209e-12 5.28655e-12 7.83608e-12 5.63873e-12 4.66256e-12 7.58163e-12 6.56025e-12 5.70962e-12 5.28643e-12 7.76377e-12 7.22831e-12 5.69041e-12 6.23351e-12 5.80175e-12 5.12291e-12 8.10233e-12 8.45236e-12 6.86635e-12 6.34317e-12 4.58163e-12 5.79669e-12 6.56843e-12 7.60946e-12 8.07922e-12 5.43911e-12 6.22407e-12 7.35805e-12 6.56324e-12 6.25508e-12 7.34034e-12 6.30613e-12 7.82259e-12 7.05473e-12 8.81123e-12 8.01095e-12 9.55469e-12 6.10167e-12 6.45873e-12 5.59828e-12 7.12458e-12 6.05341e-12 5.92759e-12 6.17132e-12 6.00238e-12 5.9798e-12 7.06423e-12 5.03079e-12 5.73074e-12 9.32414e-12 6.52995e-12 7.87962e-12 5.63958e-12 5.72292e-12 4.93292e-12 5.16602e-12 3.96104e-12 6.36377e-12 6.05615e-12 4.50656e-12 7.02661e-12 5.48735e-12 4.05127e-12 4.99683e-12 7.11916e-12 5.65732e-12 5.24655e-12 5.84331e-12 5.64708e-12 6.16355e-12 3.51951e-12 6.19462e-12 4.05529e-12 2.88953e-12 4.61829e-12 5.00029e-12 3.26429e-12 6.277e-12 4.52879e-12 2.26987e-12 
2.31774e-12 3.8257e-12 4.30437e-12 5.63607e-12 6.13943e-12 5.35596e-12 3.92761e-12 3.97496e-12 5.7505e-12 4.43181e-12 5.43869e-12 3.46526e-12 5.6449e-12 5.847e-12 3.95104e-12 5.60266e-12 7.58752e-12 5.83952e-12 6.43189e-12 6.45223e-12 6.98996e-12 7.30105e-12 6.00256e-12 7.1229e-12 7.36198e-12 5.85965e-12 4.201e-12 6.63678e-12 6.55985e-12 5.37136e-12 5.31091e-12 6.3057e-12 7.20603e-12 5.38234e-12 7.67791e-12 4.95562e-12 5.39039e-12 6.73667e-12 5.244e-12 5.06242e-12 5.64904e-12 6.5496e-12 9.89487e-12 7.34158e-12 8.50272e-12 6.76572e-12 5.48181e-12 6.56376e-12 6.52086e-12 5.69283e-12 6.78279e-12 8.91608e-12 4.84061e-12 7.55453e-12 8.07155e-12 5.95772e-12 6.65639e-12 7.68959e-12 8.50861e-12 8.29769e-12 7.48205e-12 6.61244e-12 6.32964e-12 6.4105e-12 6.80307e-12 6.9136e-12 4.87175e-12 6.05181e-12 4.68083e-12 6.78043e-12 7.37369e-12 6.82264e-12 4.10494e-12 6.57491e-12 7.68456e-12 6.4987e-12 5.71816e-12 6.5583e-12 4.85364e-12 6.54137e-12 6.2094e-12 7.4038e-12 4.09382e-12 5.09217e-12 3.8959e-12 6.15295e-12 3.69148e-12 6.0205e-12 5.49937e-12 8.52894e-12 4.80079e-12 4.97204e-12 3.93529e-12 3.61109e-12 3.27422e-12 4.19265e-12 4.03053e-12 3.77756e-12 5.06856e-12 2.93037e-12 
3.58717e-12 3.6002e-12 4.26798e-12 4.00874e-12 4.14691e-12 3.99317e-12 4.5232e-12 4.47035e-12 3.8537e-12 6.76352e-12 6.39133e-12 6.03036e-12 4.17638e-12 6.87314e-12 6.51914e-12 7.34246e-12 4.99779e-12 4.10758e-12 4.22277e-12 5.65565e-12 5.9247e-12 4.77809e-12 6.91882e-12 5.97471e-12 3.82084e-12 8.39793e-12 5.43468e-12 8.36108e-12 7.26164e-12 6.70116e-12 6.99882e-12 7.04116e-12 7.03384e-12 9.46979e-12 5.59998e-12 5.94281e-12 7.29855e-12 6.37795e-12 6.26765e-12 7.51436e-12 7.51091e-12 6.44062e-12 7.22223e-12 6.57941e-12 6.9699e-12 6.05895e-12 7.34824e-12 8.98444e-12 8.44796e-12 6.66035e-12 7.809e-12 7.10506e-12 9.14049e-12 8.06328e-12 8.88242e-12 9.90151e-12 9.34404e-12 7.98265e-12 9.55342e-12 6.74657e-12 8.59797e-12 7.57121e-12 5.01788e-12 5.6208e-12 5.97318e-12 5.72451e-12 5.53592e-12 7.23814e-12 3.82787e-12 5.1284e-12 6.59905e-12 6.76174e-12 5.92019e-12 7.42073e-12 5.19227e-12 6.73009e-12 6.437e-12 5.328e-12 5.52068e-12 4.34338e-12 5.14091e-12 5.87901e-12 6.80004e-12 4.59889e-12 5.27007e-12 4.49129e-12 4.51259e-12 5.98165e-12 4.60704e-12 4.03245e-12 4.2689e-12 4.90556e-12 5.57588e-12 4.91598e-12 3.17225e-12 4.7883e-12 5.49738e-12 5.14512e-12 2.47057e-12 1.99106e-12 
2.18846e-12 3.54058e-12 3.89369e-12 3.27274e-12 3.70165e-12 6.61226e-12 6.15514e-12 5.02761e-12 5.60394e-12 3.45087e-12 3.99625e-12 4.09348e-12 5.77017e-12 4.23627e-12 3.62888e-12 7.16485e-12 4.43544e-12 5.61546e-12 5.23381e-12 6.57399e-12 5.96685e-12 6.69963e-12 7.36134e-12 8.58335e-12 6.86484e-12 4.42841e-12 6.90002e-12 7.41069e-12 5.53472e-12 8.23686e-12 6.28333e-12 7.79562e-12 8.67409e-12 5.42122e-12 4.72446e-12 4.16259e-12 5.09009e-12 6.4192e-12 7.79496e-12 6.51318e-12 6.28444e-12 6.38902e-12 7.38664e-12 7.19031e-12 7.21215e-12 7.76207e-12 7.25162e-12 7.15591e-12 8.32701e-12 6.86287e-12 6.12186e-12 7.10025e-12 8.26598e-12 6.42065e-12 5.34733e-12 5.94651e-12 4.85518e-12 6.41404e-12 7.27639e-12 7.20624e-12 9.64799e-12 6.86427e-12 4.69981e-12 8.3947e-12 7.28619e-12 8.57995e-12 7.50768e-12 7.76736e-12 5.14781e-12 7.40936e-12 6.84133e-12 7.05132e-12 6.41459e-12 7.07589e-12 5.58283e-12 6.74656e-12 6.36158e-12 7.77851e-12 5.52447e-12 6.13709e-12 6.65374e-12 6.92719e-12 4.66946e-12 5.59368e-12 5.55284e-12 4.64609e-12 6.76097e-12 4.91027e-12 4.38256e-12 5.30155e-12 5.66341e-12 4.00198e-12 4.86409e-12 4.18616e-12 4.48489e-12 3.65806e-12 4.94648e-12 3.6978e-12 3.39763e-12 5.62397e-12 
1.70848e-12 5.22481e-12 5.14481e-12 4.29343e-12 4.04098e-12 5.16512e-12 3.49825e-12 6.85452e-12 5.52125e-12 4.46847e-12 3.91535e-12 5.19227e-12 6.24257e-12 5.23631e-12 6.1536e-12 5.3808e-12 6.89121e-12 6.03198e-12 5.47171e-12 5.81063e-12 5.84436e-12 4.535e-12 7.16769e-12 4.9184e-12 5.7403e-12 6.467e-12 6.89557e-12 7.01771e-12 7.15338e-12 7.26916e-12 6.15965e-12 6.01699e-12 5.277e-12 6.45909e-12 8.51144e-12 5.29153e-12 6.19407e-12 5.44557e-12 9.46232e-12 9.98438e-12 7.91849e-12 7.40916e-12 6.78923e-12 1.05767e-11 5.70103e-12 7.06314e-12 5.42347e-12 5.85674e-12 7.06693e-12 5.82051e-12 8.53805e-12 5.72627e-12 8.37429e-12 8.07264e-12 8.62952e-12 6.68672e-12 9.18494e-12 6.51193e-12 5.5646e-12 8.86767e-12 7.9813e-12 9.03502e-12 7.27945e-12 4.67114e-12 8.82132e-12 5.46963e-12 6.68235e-12 8.64177e-12 6.59001e-12 6.85657e-12 6.2499e-12 5.05178e-12 5.68714e-12 6.27511e-12 7.22625e-12 8.65294e-12 7.28059e-12 6.01097e-12 6.68682e-12 6.53737e-12 4.30656e-12 6.68687e-12 4.47412e-12 6.75855e-12 5.5464e-12 5.59636e-12 6.31652e-12 4.71671e-12 4.99278e-12 4.73707e-12 3.68479e-12 6.64753e-12 3.58471e-12 3.55615e-12 5.57752e-12 4.83366e-12 5.31696e-12 4.06566e-12 3.66928e-12 3.55023e-12 
3.0889e-12 2.74161e-12 4.84588e-12 6.25594e-12 4.80444e-12 3.68711e-12 6.50881e-12 5.43692e-12 5.28377e-12 7.05254e-12 5.6981e-12 4.83515e-12 6.50306e-12 6.89283e-12 5.9048e-12 5.49306e-12 4.86536e-12 7.72485e-12 6.87978e-12 6.58222e-12 4.54952e-12 4.52278e-12 6.01375e-12 7.18755e-12 6.67887e-12 5.03138e-12 5.62071e-12 4.09759e-12 6.37322e-12 5.53559e-12 7.1201e-12 8.93392e-12 6.10904e-12 7.94e-12 7.73565e-12 8.17359e-12 7.76511e-12 7.01736e-12 7.10385e-12 6.86292e-12 8.31461e-12 7.95469e-12 7.00289e-12 5.10576e-12 7.6586e-12 5.8917e-12 7.08569e-12 8.70818e-12 6.87926e-12 5.61495e-12 7.37081e-12 8.51752e-12 8.02154e-12 6.4865e-12 8.31969e-12 7.99179e-12 8.86076e-12 8.58391e-12 6.6248e-12 7.97784e-12 7.02153e-12 5.05376e-12 5.14595e-12 6.8538e-12 6.2227e-12 8.83179e-12 7.82294e-12 9.53849e-12 8.83407e-12 6.75683e-12 9.19581e-12 7.03609e-12 7.77218e-12 8.48476e-12 7.25744e-12 5.17986e-12 6.17355e-12 5.94656e-12 6.05403e-12 6.38392e-12 6.48333e-12 5.34635e-12 6.04311e-12 5.10677e-12 6.22661e-12 7.076e-12 5.7282e-12 3.28192e-12 5.12706e-12 4.11727e-12 5.1138e-12 4.73944e-12 5.41912e-12 4.63586e-12 3.90656e-12 3.58442e-12 4.64596e-12 3.67097e-12 3.48658e-12 3.63705e-12 
2.71301e-12 2.96979e-12 4.08752e-12 3.525e-12 4.70199e-12 4.7253e-12 4.3416e-12 5.08673e-12 4.9699e-12 5.29291e-12 5.55466e-12 3.76253e-12 4.95462e-12 6.2098e-12 7.82268e-12 6.26631e-12 7.62888e-12 6.435e-12 7.04492e-12 5.78752e-12 6.92625e-12 7.78729e-12 5.57515e-12 6.75601e-12 7.36401e-12 5.87786e-12 7.74331e-12 7.32654e-12 6.14933e-12 1.05566e-11 1.02983e-11 6.03174e-12 8.99446e-12 7.42972e-12 8.09954e-12 6.06255e-12 8.35899e-12 6.43502e-12 6.95239e-12 6.30569e-12 8.85418e-12 6.70276e-12 6.80393e-12 7.02159e-12 7.02288e-12 8.33587e-12 6.63407e-12 6.76897e-12 8.38933e-12 9.15593e-12 6.49121e-12 6.12062e-12 6.90177e-12 6.71319e-12 8.93946e-12 7.11812e-12 6.46812e-12 6.91354e-12 5.23234e-12 9.96123e-12 7.32236e-12 7.31925e-12 6.33517e-12 7.27164e-12 5.51365e-12 6.43123e-12 9.24324e-12 6.36776e-12 6.64254e-12 4.6235e-12 5.80169e-12 5.89809e-12 3.42378e-12 5.04462e-12 8.79958e-12 5.26928e-12 6.26993e-12 6.04969e-12 7.28887e-12 4.98901e-12 7.24745e-12 6.12782e-12 6.32099e-12 8.07696e-12 6.10477e-12 5.45825e-12 4.60038e-12 5.74871e-12 4.75345e-12 4.33952e-12 5.73998e-12 4.3796e-12 4.46694e-12 5.19178e-12 5.42936e-12 5.67976e-12 4.89178e-12 3.73295e-12 4.05239e-12 4.13352e-12 
4.45597e-12 5.37512e-12 5.41342e-12 6.89159e-12 4.1902e-12 4.47189e-12 4.02873e-12 6.1035e-12 3.89476e-12 5.24611e-12 6.53944e-12 6.42617e-12 7.26623e-12 4.96718e-12 5.54227e-12 6.09636e-12 6.88983e-12 4.57508e-12 6.17369e-12 4.3766e-12 5.73629e-12 7.29315e-12 6.37371e-12 4.38352e-12 7.83136e-12 6.79076e-12 6.62106e-12 7.20434e-12 6.99076e-12 6.67866e-12 6.84796e-12 6.91708e-12 6.18597e-12 5.96606e-12 6.54706e-12 6.97295e-12 6.1017e-12 7.79521e-12 5.82365e-12 8.38939e-12 5.96556e-12 7.5816e-12 7.82175e-12 7.60099e-12 7.2077e-12 1.02047e-11 6.19983e-12 8.17424e-12 6.73e-12 7.11465e-12 9.95198e-12 6.51186e-12 6.00964e-12 8.28483e-12 8.60974e-12 6.99064e-12 1.06814e-11 8.09919e-12 8.33296e-12 7.73395e-12 6.46386e-12 7.35196e-12 7.58584e-12 8.36002e-12 7.32948e-12 7.29257e-12 7.91933e-12 8.72862e-12 5.36818e-12 4.3774e-12 6.74783e-12 6.85245e-12 7.95548e-12 6.55589e-12 6.04319e-12 7.67726e-12 5.82437e-12 6.36839e-12 4.86108e-12 5.6992e-12 7.5799e-12 8.82546e-12 6.60835e-12 6.06699e-12 8.34426e-12 4.71191e-12 6.34669e-12 6.07253e-12 5.42867e-12 5.7982e-12 6.14428e-12 5.51612e-12 3.83662e-12 3.78787e-12 4.22179e-12 5.02421e-12 6.46952e-12 4.56243e-12 4.77505e-12 2.2094e-12 
2.54921e-12 3.75661e-12 2.65761e-12 2.78811e-12 4.18693e-12 3.67736e-12 5.89308e-12 4.98244e-12 5.01488e-12 5.75792e-12 4.48527e-12 4.83033e-12 6.75752e-12 5.41076e-12 7.37243e-12 7.97416e-12 7.84384e-12 8.99699e-12 5.52704e-12 6.2827e-12 5.00549e-12 6.95252e-12 8.3681e-12 6.59498e-12 5.30126e-12 4.21962e-12 6.37261e-12 8.2833e-12 3.13753e-12 7.38518e-12 7.07941e-12 7.03826e-12 7.04912e-12 6.90036e-12 6.5841e-12 8.1247e-12 6.75519e-12 7.4805e-12 6.37146e-12 7.09906e-12 6.36988e-12 6.47768e-12 6.72125e-12 9.25356e-12 6.89423e-12 7.83127e-12 5.88519e-12 7.35397e-12 6.39991e-12 7.74389e-12 7.68694e-12 9.23279e-12 7.59287e-12 7.16176e-12 7.67892e-12 8.12303e-12 6.92418e-12 6.05328e-12 6.78487e-12 8.94266e-12 7.55362e-12 6.56647e-12 9.85631e-12 7.2742e-12 7.3147e-12 7.86959e-12 8.18675e-12 7.2924e-12 6.72245e-12 8.11686e-12 9.31157e-12 6.48693e-12 8.65755e-12 6.78368e-12 6.66539e-12 7.79591e-12 9.18778e-12 8.02495e-12 7.06633e-12 8.30842e-12 6.6698e-12 6.12887e-12 4.78124e-12 7.20761e-12 5.43216e-12 5.4911e-12 6.48568e-12 5.00893e-12 6.53918e-12 6.64418e-12 7.91608e-12 5.85536e-12 5.47535e-12 3.9222e-12 5.24758e-12 3.502e-12 4.25538e-12 4.87934e-12 2.96757e-12 3.64009e-12 
3.61142e-12 2.48591e-12 3.79816e-12 5.09424e-12 4.01941e-12 5.23922e-12 5.20484e-12 4.68627e-12 4.5466e-12 7.02453e-12 6.36411e-12 4.96403e-12 6.37334e-12 5.68437e-12 8.17694e-12 5.86555e-12 6.21227e-12 5.80817e-12 5.6121e-12 6.17252e-12 7.39868e-12 7.9101e-12 7.34943e-12 5.63141e-12 6.92305e-12 4.78834e-12 5.30773e-12 7.61218e-12 6.30122e-12 8.20774e-12 6.1471e-12 7.88556e-12 6.1406e-12 8.63008e-12 6.65055e-12 8.82815e-12 8.01299e-12 7.10076e-12 5.74758e-12 7.81187e-12 8.18381e-12 9.01529e-12 8.01998e-12 7.77768e-12 6.4523e-12 8.87357e-12 8.89177e-12 6.62641e-12 8.57561e-12 8.95325e-12 6.947e-12 6.63459e-12 9.11134e-12 7.85998e-12 9.31987e-12 9.64627e-12 7.58621e-12 8.13257e-12 5.87949e-12 7.4502e-12 6.70006e-12 8.85834e-12 7.72865e-12 5.7194e-12 8.74651e-12 5.37858e-12 1.03492e-11 8.02055e-12 9.83602e-12 7.28838e-12 6.92462e-12 6.49728e-12 7.22007e-12 5.51269e-12 8.07095e-12 6.79828e-12 8.42981e-12 4.52606e-12 7.19471e-12 5.38759e-12 8.0241e-12 6.58403e-12 5.78171e-12 7.27815e-12 5.00179e-12 6.75565e-12 5.95169e-12 5.69926e-12 4.76648e-12 3.91826e-12 5.58388e-12 5.75642e-12 4.15281e-12 5.39296e-12 4.2565e-12 4.5223e-12 3.80582e-12 4.61368e-12 6.47935e-12 2.55817e-12 
2.29632e-12 5.44564e-12 3.33479e-12 5.21374e-12 3.02002e-12 3.83816e-12 4.54722e-12 6.37674e-12 5.01322e-12 4.8192e-12 5.15729e-12 4.74309e-12 3.80648e-12 4.18589e-12 5.94073e-12 5.15493e-12 5.73502e-12 5.52745e-12 7.27227e-12 6.14658e-12 6.48856e-12 7.15994e-12 5.90773e-12 8.0948e-12 7.65338e-12 4.25315e-12 6.2675e-12 6.42703e-12 7.17179e-12 7.56471e-12 8.1162e-12 8.59572e-12 8.39217e-12 8.27505e-12 7.8429e-12 8.6554e-12 8.10735e-12 7.31019e-12 6.44561e-12 8.35312e-12 5.58414e-12 5.36163e-12 8.20968e-12 7.85263e-12 1.09371e-11 6.98571e-12 6.48458e-12 6.4959e-12 7.23916e-12 6.91915e-12 9.58535e-12 7.31962e-12 7.6878e-12 6.62559e-12 9.84972e-12 7.03522e-12 7.17143e-12 8.65917e-12 5.97026e-12 6.83955e-12 5.64867e-12 7.75192e-12 8.14286e-12 6.08625e-12 8.26049e-12 5.4106e-12 8.29504e-12 7.94753e-12 6.91911e-12 8.55378e-12 6.77581e-12 6.51665e-12 5.80152e-12 1.06603e-11 5.24274e-12 7.87285e-12 4.69068e-12 5.60078e-12 6.91505e-12 4.69705e-12 6.64982e-12 4.69279e-12 5.71419e-12 5.66763e-12 6.56236e-12 5.90345e-12 4.91231e-12 8.81701e-12 4.74697e-12 4.89375e-12 6.02568e-12 4.78855e-12 3.66255e-12 5.8703e-12 4.32365e-12 4.26898e-12 4.28269e-12 4.20573e-12 3.73408e-12 3.90991e-12 
3.32528e-12 4.84197e-12 4.77177e-12 3.16193e-12 4.43498e-12 3.69243e-12 4.87122e-12 5.16342e-12 4.88801e-12 3.75565e-12 4.014e-12 4.43537e-12 5.64983e-12 4.26798e-12 6.68468e-12 5.27337e-12 5.56474e-12 6.96095e-12 5.17529e-12 7.01796e-12 7.03899e-12 5.82858e-12 5.61547e-12 8.12295e-12 7.46835e-12 6.24656e-12 8.01138e-12 5.97366e-12 5.75411e-12 8.76749e-12 7.55465e-12 5.63436e-12 6.91455e-12 8.32757e-12 6.58331e-12 6.1566e-12 7.0152e-12 5.53339e-12 8.13956e-12 6.9476e-12 6.94364e-12 8.71783e-12 7.58079e-12 8.58786e-12 6.556e-12 9.80252e-12 7.96516e-12 7.43435e-12 5.74623e-12 8.37888e-12 8.79239e-12 6.06931e-12 7.63761e-12 7.25707e-12 7.81098e-12 5.48008e-12 8.25993e-12 8.73587e-12 5.08824e-12 7.15118e-12 7.52198e-12 7.07749e-12 9.18702e-12 8.70294e-12 6.61955e-12 6.96003e-12 9.77499e-12 6.91529e-12 6.80472e-12 6.48322e-12 8.016e-12 7.06795e-12 6.87225e-12 5.26826e-12 6.67362e-12 4.56199e-12 7.67751e-12 7.8776e-12 6.94438e-12 6.96411e-12 6.86937e-12 5.75082e-12 6.89375e-12 4.06576e-12 5.65534e-12 5.97002e-12 6.44757e-12 6.2545e-12 7.44165e-12 7.30688e-12 5.93356e-12 5.18829e-12 4.66628e-12 3.76585e-12 5.81329e-12 4.10792e-12 4.79746e-12 4.05054e-12 3.87738e-12 3.76658e-12 
4.17416e-12 3.28855e-12 3.41253e-12 4.15228e-12 6.13156e-12 4.75286e-12 4.20948e-12 4.06046e-12 4.41994e-12 4.4097e-12 5.57868e-12 4.3255e-12 5.84723e-12 5.6431e-12 5.23094e-12 7.65255e-12 5.30682e-12 8.15373e-12 4.53877e-12 3.61195e-12 4.92312e-12 6.16163e-12 5.8962e-12 5.2804e-12 6.53377e-12 6.96372e-12 7.00266e-12 5.36079e-12 5.37499e-12 5.49248e-12 5.35626e-12 7.09532e-12 6.62133e-12 6.75191e-12 6.82845e-12 7.38723e-12 7.43268e-12 7.1152e-12 9.22322e-12 7.52611e-12 6.2567e-12 5.49445e-12 6.01513e-12 5.97517e-12 7.36805e-12 6.95691e-12 8.48086e-12 7.40548e-12 5.16704e-12 8.64664e-12 8.62111e-12 6.48218e-12 7.81357e-12 7.82764e-12 9.02648e-12 7.18773e-12 5.71895e-12 8.21034e-12 7.20958e-12 5.90644e-12 6.62922e-12 6.13659e-12 6.18348e-12 5.54328e-12 5.4692e-12 6.66688e-12 7.90662e-12 6.05507e-12 8.12202e-12 5.31054e-12 7.56788e-12 6.67288e-12 8.37206e-12 6.17294e-12 4.86544e-12 5.20046e-12 5.59803e-12 5.14719e-12 5.04243e-12 6.09875e-12 6.85613e-12 5.60149e-12 5.10638e-12 7.50106e-12 6.68275e-12 6.44906e-12 5.9036e-12 6.29702e-12 5.64955e-12 4.0902e-12 5.0448e-12 5.02565e-12 4.11378e-12 4.73001e-12 4.1955e-12 2.69318e-12 3.73879e-12 1.82254e-12 3.39789e-12 1.76239e-12 
3.99619e-12 4.66156e-12 4.63687e-12 4.24232e-12 4.30229e-12 4.26887e-12 6.53495e-12 4.69993e-12 2.71842e-12 5.10451e-12 5.60319e-12 4.55139e-12 4.4361e-12 5.28734e-12 5.55552e-12 5.04693e-12 5.0871e-12 5.7824e-12 5.81308e-12 6.23019e-12 2.94997e-12 4.62887e-12 6.34071e-12 6.30321e-12 5.37296e-12 6.67941e-12 9.24727e-12 5.42185e-12 6.6748e-12 6.30714e-12 5.6729e-12 8.93403e-12 7.2127e-12 6.77627e-12 7.43596e-12 7.29687e-12 7.66794e-12 6.58426e-12 7.02337e-12 6.61795e-12 8.10655e-12 6.82893e-12 7.9652e-12 9.63877e-12 8.08403e-12 7.79326e-12 9.06041e-12 8.18629e-12 6.40974e-12 6.81355e-12 6.51466e-12 6.31488e-12 5.49426e-12 6.08665e-12 6.91687e-12 5.60418e-12 5.86114e-12 6.69182e-12 6.43815e-12 6.73119e-12 7.84981e-12 6.53986e-12 7.9332e-12 6.17563e-12 7.70648e-12 5.57704e-12 7.01618e-12 1.01574e-11 6.79797e-12 6.02535e-12 4.98837e-12 4.52395e-12 6.00851e-12 5.61857e-12 5.70508e-12 5.74229e-12 6.84592e-12 9.8343e-12 7.26083e-12 4.5643e-12 6.74984e-12 5.50668e-12 5.16628e-12 5.05546e-12 4.65957e-12 3.84699e-12 3.87342e-12 4.71042e-12 5.93424e-12 3.52059e-12 3.83713e-12 4.09877e-12 4.16254e-12 5.5878e-12 3.66533e-12 5.1738e-12 3.04106e-12 3.58077e-12 2.78182e-12 3.73384e-12 
1.63659e-12 2.69609e-12 5.24088e-12 4.77329e-12 3.13062e-12 5.29742e-12 4.75798e-12 4.3433e-12 6.02687e-12 4.06082e-12 4.59047e-12 5.25293e-12 4.54577e-12 5.15196e-12 4.29519e-12 5.87679e-12 4.98958e-12 6.45437e-12 5.36863e-12 5.40089e-12 5.52214e-12 6.29468e-12 6.82552e-12 4.66737e-12 5.03952e-12 6.17315e-12 6.34635e-12 5.5923e-12 4.50243e-12 5.37263e-12 7.03824e-12 6.19562e-12 8.51556e-12 5.6658e-12 4.37079e-12 8.07615e-12 6.20195e-12 4.82708e-12 4.96401e-12 5.51338e-12 7.10612e-12 4.59052e-12 7.85607e-12 7.4546e-12 7.78614e-12 6.3597e-12 5.23048e-12 7.77685e-12 5.71442e-12 7.12256e-12 9.0527e-12 6.46392e-12 6.03466e-12 5.72447e-12 7.05476e-12 6.03371e-12 7.03908e-12 9.01443e-12 7.50111e-12 5.83393e-12 6.27484e-12 6.92642e-12 4.46841e-12 8.06669e-12 6.71188e-12 6.37506e-12 6.62774e-12 7.36126e-12 6.02172e-12 6.30681e-12 6.32518e-12 7.02772e-12 6.35945e-12 5.08704e-12 5.3981e-12 6.56879e-12 4.22342e-12 6.06047e-12 5.15734e-12 5.04559e-12 6.1974e-12 5.08185e-12 4.94949e-12 4.73357e-12 5.23271e-12 5.15612e-12 5.55123e-12 3.20011e-12 5.35309e-12 4.12407e-12 5.15727e-12 5.38857e-12 4.48146e-12 3.52809e-12 4.19531e-12 2.71794e-12 3.34119e-12 2.29805e-12 3.58034e-12 3.03328e-12 
4.32433e-12 2.98719e-12 3.03843e-12 2.06996e-12 3.21777e-12 5.05505e-12 2.99466e-12 4.28354e-12 3.93761e-12 2.83795e-12 4.78377e-12 4.71394e-12 5.63562e-12 3.8388e-12 5.25204e-12 4.23699e-12 5.19525e-12 4.82659e-12 7.11523e-12 3.90733e-12 5.52059e-12 4.67033e-12 5.59646e-12 4.01233e-12 4.97132e-12 3.78957e-12 5.51275e-12 5.82948e-12 6.0612e-12 2.71445e-12 5.32732e-12 6.66681e-12 6.40979e-12 5.94361e-12 5.45332e-12 2.23936e-12 7.63415e-12 5.03682e-12 7.21138e-12 5.5608e-12 6.97511e-12 7.15166e-12 2.89774e-12 5.56923e-12 6.61793e-12 5.8882e-12 8.08868e-12 5.44884e-12 6.27993e-12 6.1393e-12 8.31744e-12 5.28697e-12 5.88245e-12 5.20887e-12 5.51967e-12 5.97058e-12 5.91395e-12 4.73458e-12 5.88294e-12 5.22787e-12 4.81757e-12 5.94119e-12 6.25299e-12 4.94118e-12 5.53987e-12 6.07913e-12 4.45366e-12 8.91472e-12 7.52507e-12 3.90612e-12 7.70241e-12 4.86464e-12 4.70993e-12 5.77273e-12 4.319e-12 5.46369e-12 6.70287e-12 5.20827e-12 5.2369e-12 4.41441e-12 4.27535e-12 4.98134e-12 6.24028e-12 5.67217e-12 5.55119e-12 5.15145e-12 5.58336e-12 3.98157e-12 3.28033e-12 3.72297e-12 3.59673e-12 3.50569e-12 3.81708e-12 4.11719e-12 2.22877e-12 3.12899e-12 3.93983e-12 3.15902e-12 3.86253e-12 2.82564e-12 
1.79905e-12 1.97013e-12 2.84894e-12 2.68812e-12 4.25843e-12 3.10534e-12 3.85802e-12 4.81292e-12 5.05469e-12 4.07153e-12 3.91175e-12 3.60695e-12 5.9409e-12 4.00801e-12 3.32865e-12 2.80825e-12 5.26139e-12 5.56766e-12 5.49796e-12 4.89691e-12 4.83491e-12 5.05295e-12 6.2123e-12 6.99705e-12 6.00417e-12 3.95341e-12 5.49922e-12 4.01915e-12 3.02026e-12 4.13235e-12 5.60352e-12 6.58756e-12 4.68089e-12 6.28038e-12 5.78288e-12 6.67361e-12 4.58911e-12 5.07121e-12 6.2531e-12 6.14955e-12 7.23e-12 5.83021e-12 7.31655e-12 6.17375e-12 6.63625e-12 3.92325e-12 7.01534e-12 8.22926e-12 5.52297e-12 6.92614e-12 5.73391e-12 7.00732e-12 6.23587e-12 5.55082e-12 6.22432e-12 4.67309e-12 6.43821e-12 6.03117e-12 5.34167e-12 5.69688e-12 7.19967e-12 5.50335e-12 5.52636e-12 5.5567e-12 6.154e-12 5.01667e-12 5.64364e-12 5.6053e-12 5.51575e-12 4.48679e-12 4.99721e-12 3.48509e-12 4.80505e-12 4.30466e-12 5.3585e-12 5.68301e-12 4.36758e-12 4.09353e-12 4.85995e-12 3.56533e-12 4.95846e-12 3.80082e-12 5.563e-12 6.04565e-12 4.36347e-12 4.7758e-12 4.53614e-12 3.60092e-12 5.01638e-12 3.99225e-12 3.78931e-12 4.05835e-12 4.6196e-12 2.52856e-12 4.45717e-12 3.48013e-12 2.34306e-12 1.70922e-12 1.50155e-12 1.84688e-12 
1.37117e-12 3.2937e-12 3.086e-12 2.80048e-12 3.64382e-12 3.78227e-12 3.28412e-12 3.76756e-12 3.79778e-12 3.28238e-12 4.32417e-12 2.90888e-12 2.73551e-12 5.05403e-12 3.15626e-12 3.59946e-12 2.75921e-12 3.40283e-12 3.03254e-12 5.15916e-12 3.50165e-12 3.96986e-12 4.82518e-12 3.3413e-12 3.16573e-12 3.0467e-12 3.76514e-12 6.30804e-12 3.82303e-12 5.14223e-12 4.80629e-12 6.09949e-12 2.61233e-12 4.78845e-12 4.76302e-12 5.78355e-12 5.31718e-12 2.872e-12 4.25962e-12 4.97218e-12 5.85037e-12 5.67074e-12 4.53305e-12 4.47762e-12 3.69213e-12 6.00036e-12 6.23873e-12 5.44194e-12 5.75121e-12 5.72104e-12 5.95415e-12 5.12998e-12 5.0272e-12 4.52508e-12 5.82069e-12 5.74247e-12 5.50649e-12 6.56193e-12 7.39255e-12 5.04401e-12 5.91035e-12 3.93352e-12 3.92307e-12 4.0295e-12 3.78568e-12 3.97649e-12 4.85965e-12 5.29022e-12 4.04946e-12 6.36785e-12 4.41494e-12 4.1112e-12 5.23652e-12 4.95661e-12 3.01504e-12 3.31066e-12 4.36045e-12 3.37088e-12 3.06828e-12 6.06957e-12 3.39885e-12 3.1347e-12 5.55496e-12 5.18951e-12 2.73874e-12 3.86083e-12 3.64668e-12 3.63684e-12 2.21443e-12 3.84346e-12 4.85539e-12 3.87422e-12 4.10909e-12 4.01699e-12 2.39432e-12 4.21949e-12 2.48174e-12 2.03924e-12 1.92614e-12 1.82776e-12 
1.41632e-12 1.2208e-12 1.00624e-12 1.8669e-12 3.78057e-12 2.10939e-12 1.82879e-12 1.84563e-12 3.31258e-12 2.6788e-12 2.43214e-12 2.78673e-12 3.83476e-12 4.93913e-12 2.6061e-12 3.57836e-12 3.71349e-12 4.27092e-12 2.81815e-12 3.12238e-12 2.86799e-12 2.02141e-12 4.56584e-12 4.6397e-12 3.53422e-12 3.14354e-12 4.30379e-12 2.93695e-12 3.29739e-12 4.59646e-12 4.19084e-12 3.69757e-12 3.00643e-12 4.71955e-12 5.16133e-12 3.01499e-12 3.16852e-12 5.70847e-12 3.87303e-12 4.71818e-12 4.95663e-12 5.3725e-12 3.43478e-12 4.0858e-12 3.75354e-12 5.27184e-12 5.92751e-12 5.67324e-12 5.97914e-12 5.09719e-12 4.36548e-12 5.03377e-12 7.41793e-12 3.90645e-12 4.2356e-12 5.22346e-12 4.02529e-12 4.56571e-12 3.96863e-12 3.70823e-12 4.16421e-12 2.91371e-12 5.61802e-12 4.9377e-12 4.57951e-12 3.29385e-12 4.66433e-12 5.49542e-12 2.31926e-12 3.33009e-12 4.99348e-12 2.72034e-12 3.96715e-12 2.67398e-12 2.84062e-12 3.09463e-12 4.09093e-12 3.15441e-12 4.42599e-12 4.21202e-12 2.10377e-12 3.79735e-12 2.7955e-12 3.20796e-12 2.70638e-12 3.22523e-12 4.07942e-12 4.1976e-12 3.35154e-12 1.93421e-12 1.87941e-12 2.20533e-12 2.71489e-12 2.28325e-12 2.47217e-12 2.28419e-12 1.52476e-12 2.82354e-12 1.46086e-12 9.4935e-13 
1.67431e-12 9.74494e-13 9.00392e-13 2.07423e-12 1.75166e-12 2.74542e-12 3.66174e-12 2.39356e-12 4.56192e-12 1.85168e-12 8.55334e-13 1.93956e-12 2.49017e-12 2.51876e-12 1.98382e-12 2.72258e-12 1.55796e-12 2.33812e-12 1.99904e-12 3.2101e-12 5.17832e-12 1.09294e-12 3.51409e-12 4.26548e-12 3.89664e-12 2.59379e-12 3.67822e-12 5.65701e-12 2.75367e-12 3.31021e-12 4.25429e-12 3.66298e-12 3.82808e-12 3.02544e-12 3.47913e-12 3.14275e-12 3.44972e-12 2.78822e-12 3.08251e-12 4.5694e-12 3.01342e-12 4.34187e-12 3.44576e-12 3.4189e-12 3.88897e-12 2.22806e-12 2.39792e-12 3.96398e-12 2.91667e-12 3.51044e-12 4.75124e-12 4.95018e-12 4.09807e-12 2.90864e-12 3.15119e-12 4.07089e-12 4.47702e-12 2.35709e-12 2.63525e-12 3.93648e-12 3.20565e-12 4.62713e-12 1.86136e-12 3.43345e-12 3.42744e-12 2.58759e-12 3.25692e-12 2.28872e-12 4.22019e-12 3.71302e-12 3.43381e-12 2.56679e-12 2.02697e-12 3.54021e-12 3.1911e-12 2.13804e-12 2.54743e-12 3.97906e-12 3.48748e-12 2.26729e-12 4.96345e-12 3.13105e-12 2.39623e-12 2.06669e-12 3.67732e-12 2.16256e-12 2.1969e-12 3.1232e-12 2.50131e-12 3.00524e-12 2.41043e-12 2.07861e-12 1.48184e-12 2.15812e-12 2.26399e-12 2.0872e-12 2.11926e-12 2.16355e-12 1.98451e-12 1.38652e-12 
4.84398e-13 1.64071e-12 1.79899e-12 1.55808e-12 1.79611e-12 2.04552e-12 1.67682e-12 1.0908e-12 1.78879e-12 2.0479e-12 8.27068e-13 1.59772e-12 2.04054e-12 2.13182e-12 1.00768e-12 2.44381e-12 1.93162e-12 2.6306e-12 3.62057e-12 1.62085e-12 1.37655e-12 1.07969e-12 1.20046e-12 3.22686e-12 2.36879e-12 3.49278e-12 3.54862e-12 1.81736e-12 2.38025e-12 2.45373e-12 1.85265e-12 3.05619e-12 1.11789e-12 4.74384e-12 4.58538e-12 3.38001e-12 2.88899e-12 2.92979e-12 2.58755e-12 3.33822e-12 2.89037e-12 3.02961e-12 3.21102e-12 2.35791e-12 3.60325e-12 2.82645e-12 2.29997e-12 2.7176e-12 1.74302e-12 2.75884e-12 2.58213e-12 2.69366e-12 2.25612e-12 3.03776e-12 1.91256e-12 3.35957e-12 2.33025e-12 2.83895e-12 3.81894e-12 2.72478e-12 2.22892e-12 2.81798e-12 1.10697e-12 3.34006e-12 2.11648e-12 3.41387e-12 1.6648e-12 3.39777e-12 3.04177e-12 3.44842e-12 3.49824e-12 2.95341e-12 1.72244e-12 2.75436e-12 2.01706e-12 2.98732e-12 3.22126e-12 1.26986e-12 1.72139e-12 1.72412e-12 1.96524e-12 2.49161e-12 2.32365e-12 2.83787e-12 1.65311e-12 2.62737e-12 2.20753e-12 1.08131e-12 1.84774e-12 8.62896e-13 1.56769e-12 2.80743e-12 2.51569e-12 2.62116e-12 9.85489e-13 1.85433e-12 1.15797e-12 1.08607e-12 1.82529e-12 8.28798e-13 
9.00971e-13 8.86347e-13 7.61839e-13 1.56717e-12 1.38521e-12 6.24961e-13 1.15626e-12 1.60069e-12 8.82265e-13 2.30518e-12 1.82102e-12 1.11611e-12 1.09573e-12 1.16314e-12 1.00513e-12 1.64183e-12 1.36645e-12 1.70527e-12 1.14704e-12 1.52032e-12 8.73336e-13 2.11512e-12 1.78704e-12 1.55425e-12 2.21062e-12 1.61114e-12 2.08352e-12 1.3713e-12 1.60578e-12 1.42272e-12 1.44152e-12 1.02702e-12 2.53994e-12 2.07026e-12 2.91349e-12 1.8841e-12 1.39571e-12 1.78916e-12 3.75593e-12 3.00928e-12 1.45861e-12 1.69962e-12 1.78104e-12 1.23336e-12 2.35874e-12 2.47556e-12 2.5078e-12 2.58449e-12 1.56793e-12 2.49554e-12 1.97731e-12 2.20481e-12 3.73522e-12 2.66308e-12 1.82325e-12 1.06737e-12 2.48028e-12 1.7648e-12 2.17446e-12 2.01868e-12 2.4573e-12 2.50219e-12 9.76677e-13 1.18443e-12 1.93987e-12 2.19906e-12 1.27351e-12 1.14863e-12 1.98842e-12 3.22482e-12 1.74399e-12 1.11488e-12 9.00339e-13 2.17138e-12 1.51855e-12 1.15677e-12 2.16257e-12 2.41774e-12 6.24603e-13 1.8815e-12 1.164e-12 1.63763e-12 1.05393e-12 1.97344e-12 1.2042e-12 1.49199e-12 1.0344e-12 8.76788e-13 1.5352e-12 4.13897e-13 8.24261e-13 1.25318e-12 1.20925e-12 1.57125e-12 1.24592e-12 5.47388e-13 1.19178e-12 3.08394e-13 2.05021e-13 5.96891e-13 
5.07697e-13 6.09542e-13 1.34378e-12 2.50801e-13 4.46068e-13 7.73788e-13 7.80368e-13 1.15272e-12 8.02064e-13 1.43129e-12 7.77144e-13 7.08155e-13 7.68597e-13 5.34208e-13 1.19145e-12 8.71851e-13 1.37962e-12 1.08658e-12 1.55658e-12 7.30498e-13 7.3226e-13 1.62229e-12 3.54554e-13 7.77666e-13 7.16801e-13 9.86429e-13 1.21085e-12 6.53727e-13 8.11099e-13 1.62736e-12 2.09446e-12 8.54484e-13 1.59831e-12 1.13116e-12 1.60911e-12 1.04354e-12 1.17283e-12 8.47465e-13 1.23734e-12 1.0448e-12 1.29011e-12 9.70351e-13 8.71087e-13 1.43502e-12 1.01548e-12 1.65661e-12 1.2915e-12 1.60436e-12 2.34185e-12 1.71956e-12 5.6564e-13 1.64935e-12 8.94373e-13 9.10871e-13 2.13829e-12 2.26942e-12 1.32828e-12 8.29017e-13 8.61875e-14 8.45082e-13 6.02837e-13 4.43343e-13 4.1093e-13 1.23526e-12 1.67943e-12 9.27333e-13 7.32113e-13 1.25464e-12 6.4369e-13 7.18093e-13 7.9567e-13 1.20057e-12 2.83802e-13 1.03408e-12 1.09578e-12 1.30302e-12 9.14621e-13 1.03225e-12 1.06398e-12 9.19584e-13 1.27103e-12 5.9374e-14 1.17575e-12 5.81617e-13 1.72016e-12 1.152e-12 5.37433e-13 7.40057e-13 4.60537e-13 6.16577e-13 1.26656e-12 3.4634e-13 9.9561e-13 9.50061e-13 5.8149e-13 9.34778e-13 6.07094e-13 1.24272e-12 2.58303e-13 2.88016e-13 
5.81734e-13 9.12261e-13 4.97048e-13 1.00441e-12 5.46388e-13 1.41254e-12 3.25109e-13 5.28273e-13 9.81805e-13 4.21331e-13 1.04989e-12 7.59785e-13 1.02663e-12 3.39502e-13 1.05254e-12 1.33382e-12 6.14779e-13 7.6178e-13 2.18017e-13 6.21766e-13 5.40336e-13 8.47838e-13 6.4173e-13 4.86519e-13 3.16663e-13 1.42478e-12 1.41476e-12 4.96577e-13 6.91811e-13 6.08915e-13 8.30777e-13 1.91568e-12 6.45135e-13 8.60349e-13 1.05747e-12 8.22168e-13 6.86001e-13 4.10229e-13 1.39053e-12 8.59531e-13 8.67006e-13 1.08263e-12 1.24036e-12 7.20368e-13 1.67124e-12 1.63793e-12 1.66826e-12 1.04629e-12 1.08397e-12 1.44494e-12 3.55037e-13 1.42892e-12 1.05333e-12 1.36186e-12 8.7087e-13 1.5481e-12 2.01401e-12 1.77956e-12 1.66627e-12 8.65784e-13 5.70586e-13 9.39318e-13 1.42074e-12 1.04036e-12 6.13452e-13 1.99058e-12 9.5435e-13 9.06389e-13 1.07978e-12 5.68012e-13 1.18859e-12 1.38694e-12 3.51013e-13 6.29288e-13 2.09497e-13 6.19761e-13 2.99127e-13 1.24347e-12 5.24503e-14 5.41813e-13 3.31237e-13 8.06581e-13 1.08698e-12 1.05418e-12 4.33072e-13 7.50751e-13 1.03499e-12 4.89466e-13 7.84099e-13 5.40544e-13 5.93077e-13 3.84928e-13 2.06943e-13 6.2005e-13 9.78986e-13 7.79595e-13 5.57794e-13 7.06865e-13 2.63108e-13 8.9298e-13 
3.0513e-13 0 4.88076e-13 1.56843e-12 2.19775e-13 3.12394e-13 5.09362e-13 1.03775e-12 3.22305e-13 7.163e-13 7.64808e-13 9.7886e-13 6.13259e-13 7.82606e-13 4.2063e-14 2.40322e-13 4.80233e-14 7.00011e-13 1.46212e-12 8.20832e-13 7.58152e-13 5.37099e-13 4.02323e-13 2.50826e-13 9.66051e-13 9.75237e-13 5.02213e-14 1.89565e-12 5.74038e-13 1.18815e-12 1.07683e-12 6.86371e-13 5.60654e-13 6.81392e-13 7.35521e-14 5.73473e-13 7.00072e-13 1.19441e-12 7.20893e-13 7.16374e-13 5.51769e-13 4.50994e-13 1.00634e-12 2.77589e-13 3.32634e-13 5.73092e-13 1.16559e-12 1.29864e-12 8.17256e-13 4.73683e-13 9.72927e-13 9.664e-13 1.01476e-12 1.22855e-12 1.36318e-12 6.3514e-13 5.10949e-13 8.07713e-13 4.17649e-14 8.63584e-13 1.29969e-12 9.7791e-13 6.67259e-13 2.78993e-13 1.52638e-12 7.81476e-13 2.98739e-13 5.85031e-13 1.04083e-12 5.0914e-13 4.7923e-13 6.01444e-14 7.93574e-13 1.22301e-12 1.18471e-12 1.09831e-13 5.58505e-13 9.77664e-13 2.79091e-13 8.12071e-13 4.73669e-13 1.04378e-13 3.16069e-13 4.86873e-13 5.49722e-14 3.06746e-13 2.87019e-13 3.98599e-13 3.0704e-13 5.38223e-13 2.60293e-13 4.77903e-13 7.89153e-13 5.27471e-13 5.426e-13 5.80026e-13 1.23282e-12 6.36682e-13 8.1524e-14 3.12162e-13 
4.75541e-13 5.71792e-13 2.44292e-13 3.26639e-13 3.12508e-13 5.83097e-14 2.11594e-13 2.43102e-13 6.36109e-13 1.07043e-12 3.75872e-13 3.69159e-13 2.64619e-13 9.84043e-13 2.86247e-13 6.48288e-13 6.25705e-14 1.52249e-12 5.17935e-13 3.28511e-13 5.90784e-13 4.84128e-13 4.59452e-14 6.59568e-13 4.63082e-13 3.49507e-13 7.48897e-13 6.22614e-13 3.45805e-14 1.4734e-12 1.29542e-13 6.76345e-13 2.91509e-13 2.14112e-13 4.95134e-13 8.63743e-13 3.27633e-13 1.1383e-12 6.93531e-13 1.34136e-12 6.74652e-13 1.38538e-12 7.61153e-13 2.39828e-13 4.71045e-13 1.3393e-13 2.70035e-13 7.90511e-13 1.11588e-12 3.2336e-13 7.17845e-13 5.3119e-13 6.89681e-13 6.30555e-13 1.20057e-12 6.25777e-13 5.06894e-13 1.0446e-12 6.71227e-13 1.3618e-12 2.2247e-13 2.4625e-13 1.31345e-12 1.1543e-12 6.58666e-13 5.70161e-13 5.01238e-13 2.96241e-13 1.95761e-13 4.8042e-13 1.4036e-13 2.63684e-13 3.25173e-13 5.29885e-13 1.16091e-12 5.34063e-13 1.19848e-12 3.96064e-13 3.33739e-13 1.11339e-12 3.45165e-13 3.57437e-13 8.01021e-13 5.53076e-14 6.0348e-14 5.22439e-13 2.76163e-13 5.92372e-13 1.45089e-13 3.89602e-14 3.07602e-13 2.34203e-13 2.615e-13 5.93035e-13 5.04094e-13 3.31869e-13 2.80344e-13 0 2.63354e-13 2.0751e-13 
2.95903e-13 5.02584e-13 2.63984e-13 3.2922e-14 7.33376e-13 4.22405e-13 1.94055e-13 0 2.58718e-13 9.7498e-14 2.41539e-13 2.73702e-13 3.07152e-13 4.40783e-14 5.84196e-13 1.67721e-13 2.4542e-13 9.46885e-13 6.09542e-13 3.86482e-13 4.56787e-13 2.01307e-13 2.26803e-13 5.96337e-13 2.57121e-13 3.5508e-14 5.79558e-13 2.7857e-13 2.80121e-13 8.29926e-13 2.62666e-13 7.62166e-14 5.73684e-13 1.24612e-12 4.72475e-13 4.46056e-13 8.47311e-13 6.22339e-13 5.5005e-13 3.10653e-13 5.34721e-13 1.37286e-12 2.28444e-13 6.64151e-13 9.79533e-13 4.48958e-14 2.43756e-13 9.96139e-14 5.13184e-13 9.98751e-14 3.27911e-13 2.99284e-13 6.90329e-13 8.61971e-13 8.21786e-14 3.18503e-13 3.18064e-13 5.7233e-13 2.78903e-13 2.43635e-13 5.28168e-13 5.60004e-13 5.75874e-13 5.50543e-13 1.27176e-13 5.01946e-13 2.3796e-13 1.02473e-12 4.60138e-13 8.81498e-13 5.71651e-13 1.09526e-12 3.15426e-13 2.68236e-13 4.91347e-13 3.18823e-13 4.98789e-13 8.73352e-15 1.52004e-12 2.49473e-13 3.24574e-13 1.88254e-13 3.06669e-13 4.00179e-14 4.83308e-13 5.14021e-13 7.16224e-13 3.71357e-13 4.92929e-13 3.22591e-13 5.04876e-13 8.27013e-14 5.2115e-13 2.76338e-13 2.92805e-14 7.52502e-14 2.17182e-13 4.26996e-14 3.04444e-14 1.64562e-13 
6.80365e-13 2.70136e-13 3.56921e-14 5.11442e-13 6.27542e-15 0 3.35196e-13 6.1936e-15 3.14771e-13 2.58462e-13 0 0 2.84582e-13 1.93365e-13 1.26744e-14 1.6733e-14 2.96909e-13 8.95336e-13 3.03275e-13 4.77707e-13 6.73656e-13 5.43721e-13 6.63114e-14 2.34286e-13 2.09759e-13 2.85465e-13 9.26011e-14 4.14972e-13 3.17557e-13 2.06034e-13 2.49635e-13 5.06346e-14 3.18659e-13 3.58264e-13 3.15448e-14 2.91748e-13 4.19469e-13 5.10245e-13 2.34722e-13 3.14769e-13 9.73443e-13 3.25778e-13 3.77773e-13 3.59768e-13 1.21222e-12 5.49457e-14 9.9289e-13 2.78641e-13 8.95227e-13 1.97585e-13 2.6184e-13 3.71787e-14 3.30239e-14 4.8008e-13 8.91927e-13 4.6541e-13 4.79661e-13 5.96887e-13 4.0223e-14 4.87732e-13 0 2.24528e-13 7.16542e-14 9.60532e-14 4.94443e-13 7.85926e-13 4.92226e-14 3.99376e-14 2.35683e-13 5.44498e-13 4.50061e-13 4.85856e-13 6.7214e-13 5.93714e-14 3.53744e-14 2.56062e-13 5.53248e-13 3.63934e-13 2.77571e-13 4.97658e-13 2.85664e-13 3.90554e-13 4.6516e-13 2.75225e-13 7.01164e-13 3.52586e-14 3.41616e-14 6.22496e-15 3.45615e-13 8.91503e-14 5.10559e-13 6.91122e-13 5.2785e-13 2.22445e-14 2.81807e-13 7.8223e-13 3.00692e-13 0 2.97063e-13 3.24368e-13 
4.85887e-13 1.76303e-14 3.28197e-14 2.48784e-14 1.53699e-13 1.85352e-14 4.59589e-15 0 4.8816e-14 3.44133e-14 4.55923e-14 4.98929e-13 2.99166e-13 2.7187e-13 0 6.81959e-14 7.84117e-14 2.06636e-13 2.73437e-13 2.69332e-13 0 2.89546e-13 5.32772e-14 2.79654e-14 4.78479e-13 9.34478e-14 2.14085e-13 5.64512e-14 1.85605e-13 2.80876e-14 3.07778e-14 3.06034e-13 3.54081e-13 1.36231e-14 2.63474e-13 2.46324e-13 1.80622e-13 1.80525e-13 7.73493e-14 1.35137e-14 0 3.00677e-13 1.14006e-13 2.31973e-14 1.76947e-14 7.62564e-13 6.17934e-14 4.39259e-14 3.58507e-13 2.13332e-13 5.7381e-14 5.09297e-13 6.65238e-13 4.72274e-14 6.60381e-15 2.93714e-13 5.60061e-14 6.74091e-15 3.19793e-13 7.51433e-13 2.31256e-13 6.74404e-14 2.61416e-13 2.02655e-14 2.41881e-14 0 1.03747e-14 4.82291e-14 3.83471e-14 2.66201e-13 2.05721e-14 7.32437e-13 0 4.83933e-13 2.72324e-14 2.49987e-13 4.36344e-13 5.42195e-14 7.10218e-13 3.29635e-13 4.81407e-13 4.94246e-14 2.75862e-13 1.15839e-13 3.04825e-13 5.42619e-13 3.07245e-13 3.74559e-13 3.50636e-13 3.06612e-13 2.87655e-14 2.89384e-13 5.96285e-14 2.90037e-13 4.93426e-13 1.71614e-15 2.88126e-13 1.58216e-14 2.35124e-13 1.97779e-15 
0 1.58198e-14 1.95951e-14 2.10542e-13 1.83874e-14 3.69508e-15 0 4.21399e-13 4.7148e-13 8.76902e-14 0 7.81546e-14 5.14582e-14 2.5711e-13 8.25471e-14 4.6644e-13 6.66281e-14 2.30271e-13 2.32139e-13 0 2.22927e-13 1.27915e-14 3.08844e-13 2.41566e-13 8.89518e-15 1.66095e-14 3.00116e-13 3.36092e-14 2.83649e-13 4.99603e-13 7.32413e-15 4.75356e-13 0 1.34339e-15 4.19089e-13 6.4791e-14 0 2.18354e-15 2.7901e-13 3.71011e-14 2.96983e-13 4.22857e-13 1.85494e-14 5.30112e-13 1.51716e-13 2.73231e-13 0 2.62637e-13 2.9456e-13 4.46792e-13 1.64069e-14 2.52739e-13 5.20445e-14 2.05143e-13 2.00004e-15 2.49059e-13 2.1101e-13 3.11915e-13 4.59468e-15 1.70142e-13 5.07674e-13 3.76793e-15 0 0 3.21831e-14 2.61306e-13 2.23517e-13 5.07564e-13 5.06397e-13 3.04046e-14 3.49814e-14 2.88291e-13 2.67203e-13 5.01541e-13 4.96083e-13 2.54174e-14 2.68351e-13 5.11924e-13 4.57461e-13 3.19381e-13 7.82324e-13 1.11715e-14 5.02858e-13 2.84504e-14 2.41216e-13 0 1.27236e-14 7.71833e-13 2.58023e-13 0 3.15506e-13 7.18054e-13 2.4607e-13 1.09904e-13 5.6876e-13 2.81877e-13 2.12368e-14 6.33423e-15 0 4.554e-13 
2.40888e-14 0 4.11554e-13 1.9116e-14 9.94704e-15 4.9027e-13 2.42478e-13 2.52884e-13 0 4.61934e-13 4.99163e-14 2.28623e-13 4.32624e-14 0 1.67467e-14 4.53695e-13 2.49446e-13 1.02854e-14 4.30678e-14 5.4424e-13 2.43899e-14 8.59422e-15 2.90894e-13 3.94269e-13 1.25568e-14 2.00011e-14 4.36241e-13 0 2.36335e-13 2.13893e-13 1.29514e-14 9.15699e-15 1.98127e-14 7.11843e-14 3.7351e-13 1.28905e-15 1.95715e-13 1.95121e-13 0 4.27227e-14 0 0 2.21683e-13 3.70341e-14 0 0 4.866e-13 0 5.34723e-13 2.47151e-15 6.01284e-14 6.61218e-14 3.1722e-13 4.32292e-13 3.82589e-13 2.52576e-14 2.12708e-13 2.60408e-13 3.12309e-14 2.26548e-13 1.44956e-15 1.25767e-13 4.374e-13 6.21582e-14 2.06091e-13 2.05778e-13 3.68296e-14 0 2.08587e-13 0 1.9996e-13 5.3407e-13 2.05531e-13 9.86732e-13 2.54131e-13 0 0 2.67225e-14 0 2.72708e-13 2.68346e-13 4.00488e-13 5.01755e-13 2.81484e-14 3.75779e-13 6.45122e-14 2.35742e-13 5.351e-14 3.09145e-14 2.54894e-14 0 3.04092e-15 0 2.64861e-13 2.45222e-13 3.10183e-14 0 2.87267e-15 1.39851e-14 2.76048e-14 
3.37008e-15 0 0 1.60204e-15 0 1.91716e-14 2.15485e-13 4.75486e-13 1.05739e-13 2.71163e-14 2.92467e-13 2.02727e-14 3.90924e-13 5.16655e-13 2.77647e-14 1.59696e-14 0 0 0 0 4.85616e-13 2.89575e-13 1.21642e-15 1.06559e-14 9.70979e-15 4.94422e-15 3.20981e-14 2.59753e-13 2.23087e-13 2.02781e-13 0 2.04013e-13 2.48109e-13 2.40617e-13 0 2.99529e-13 2.03604e-14 2.7247e-13 5.70236e-13 0 1.201e-14 2.23865e-13 1.75125e-14 2.73485e-13 1.19505e-13 2.78526e-14 2.46313e-13 1.45595e-14 2.73821e-16 2.83965e-14 4.30543e-13 2.61154e-13 6.58361e-14 1.95773e-13 7.67562e-15 1.96758e-13 9.04468e-15 1.67587e-15 2.46514e-13 3.97162e-14 0 2.35227e-13 0 0 0 2.38272e-13 2.39615e-13 0 2.5322e-13 2.56672e-13 6.56437e-13 2.89544e-14 3.12518e-14 1.09345e-15 0 1.07015e-14 1.66124e-15 9.85957e-15 1.88883e-14 0 2.65851e-13 3.60724e-14 0 0 2.02141e-13 2.84291e-15 1.77632e-14 2.87684e-13 4.17374e-14 2.70709e-13 0 2.3601e-14 2.99049e-14 0 3.36832e-15 0 0 2.33163e-13 2.49365e-13 5.03393e-15 
2.76553e-13 3.79522e-14 1.8651e-13 0 1.35959e-14 2.13638e-13 2.34818e-14 4.571e-13 2.59658e-13 0 4.89257e-14 2.05735e-13 4.07243e-15 2.65552e-13 0 2.66086e-14 8.14383e-15 0 0 0 2.81253e-13 2.08202e-13 0 0 8.14476e-15 0 9.81792e-16 2.51994e-14 0 2.58713e-13 0 0 0 3.04024e-13 0 0 0 0 0 0 0 0 8.53149e-15 7.07469e-13 0 2.75518e-13 0 3.89398e-15 1.89033e-13 4.55021e-13 9.37316e-13 2.42691e-13 0 2.62657e-15 2.30226e-13 2.5465e-13 2.29055e-13 0 4.2373e-13 4.34356e-14 3.2905e-14 0 0 0 6.81739e-14 2.98967e-14 0 0 2.18171e-14 0 2.21412e-14 0 1.68501e-14 1.98808e-13 0 0 2.27124e-13 4.3911e-14 4.58977e-13 0 0 2.28738e-13 0 0 2.01771e-14 4.12059e-14 2.52267e-13 2.45473e-13 6.1976e-14 0 0 4.84109e-13 1.60372e-14 2.05938e-15 2.05547e-14 0 0 2.66277e-14 8.81571e-15 2.77332e-13 
3.07232e-15 6.31547e-14 0 2.74703e-13 0 1.35547e-13 0 1.89514e-13 0 0 2.49922e-13 0 4.25611e-14 4.29827e-13 0 0 0 3.11787e-13 0 0 9.49602e-15 0 2.07319e-13 0 0 0 0 0 2.47073e-13 1.13467e-14 1.53027e-15 0 0 0 0 0 2.45156e-14 9.93613e-15 0 2.07035e-13 2.67296e-14 0 0 1.86958e-14 3.03401e-14 1.69179e-13 8.23754e-15 2.36363e-13 7.37971e-14 3.5978e-14 2.42602e-14 0 0 2.54133e-13 5.10451e-14 1.55093e-14 4.82742e-13 0 0 0 0 3.61844e-14 0 2.16564e-13 1.95154e-13 0 0 0 0 0 1.91961e-14 0 0 0 1.7202e-13 2.01618e-13 3.18234e-14 1.92865e-14 0 3.2457e-14 0 0 2.56064e-13 0 0 2.48946e-14 0 0 0 5.12267e-15 0 3.28169e-15 4.60382e-13 2.90009e-13 2.97039e-14 0 0 0 0 2.1702e-13 
4.11252e-15 0 0 1.60584e-13 0 0 0 1.03428e-14 3.8936e-14 1.66709e-13 0 0 0 0 0 0 2.2232e-14 1.56345e-14 0 2.26886e-13 4.39619e-15 3.31612e-14 0 0 0 1.81726e-13 1.32614e-14 0 2.20716e-13 0 2.75477e-13 0 0 1.49821e-14 0 2.17865e-13 0 2.47299e-13 0 0 3.42968e-14 5.2244e-14 0 0 0 0 6.39202e-15 1.2665e-14 0 2.07733e-13 0 1.35237e-15 1.39423e-14 0 2.94849e-15 0 0 0 0 1.8845e-13 0 0 0 0 0 1.73344e-14 0 0 0 2.74633e-13 0 0 0 0 0 6.56802e-14 0 2.30609e-13 0 0 0 0 2.44941e-13 0 0 0 0 0 1.90716e-13 4.11104e-14 6.38131e-14 2.14773e-13 2.14034e-13 0 4.63459e-13 0 2.36657e-13 0 2.39735e-15 0 
0 0 0 0 0 1.9887e-13 4.66337e-14 0 3.73286e-16 0 0 2.04643e-13 0 0 0 0 2.36547e-13 6.07238e-15 2.00101e-13 0 5.14777e-13 1.16973e-14 3.37924e-14 0 2.57933e-13 0 0 4.02544e-14 0 0 0 0 1.91633e-13 0 4.43026e-13 7.25662e-15 2.60241e-14 0 0 0 0 0 0 0 2.50756e-13 0 0 0 3.46073e-14 0 4.65727e-14 0 0 0 0 0 0 2.28694e-13 3.14958e-14 0 0 0 2.46978e-13 2.92318e-14 0 0 0 0 1.87017e-13 0 1.75318e-13 0 0 0 0 0 0 0 0 0 0 0 0 1.00053e-14 0 0 0 1.85419e-13 0 0 0 0 0 2.33353e-13 0 0 0 0 0 0 
2.32652e-13 0 3.68721e-13 1.95685e-13 2.34283e-15 0 2.47019e-13 2.0538e-14 0 0 0 0 0 0 0 2.95222e-14 1.47425e-14 0 0 0 2.01557e-13 0 0 0 0 0 0 0 2.27989e-13 2.09444e-13 0 0 1.13191e-14 4.0644e-15 0 0 0 0 1.17592e-14 2.2476e-14 0 0 0 0 0 2.72006e-13 0 0 7.14691e-15 0 0 0 0 4.94548e-15 2.68855e-13 0 3.45832e-14 0 0 0 0 0 0 0 0 0 0 0 0 0 0 0 0 0 0 0 0 0 0 1.55337e-14 0 0 0 0 0 0 0 0 0 4.24417e-14 2.92438e-14 0 0 5.41475e-14 3.48812e-13 0 0 0 0 0 
0 0 2.88658e-15 0 0 0 0 0 0 0 2.64026e-13 0 0 0 0 0 0 0 0 1.87458e-14 0 0 0 2.54765e-13 2.7474e-13 0 0 0 0 2.12326e-14 0 0 0 0 0 0 0 0 0 0 0 2.11374e-13 0 0 0 0 0 2.70717e-14 0 3.10721e-14 1.79378e-13 0 2.55682e-13 4.38581e-15 0 0 0 1.07929e-15 0 0 0 0 0 0 0 0 0 0 0 0 0 0 0 0 0 0 0 1.00109e-14 0 0 0 0 0 0 0 0 0 0 0 0 0 0 0 0 0 0 0 0 2.10309e-13 0 
0 4.68257e-14 0 1.13303e-14 0 0 0 2.38513e-13 0 0 0 0 0 0 0 0 0 0 0 0 0 0 0 0 0 0 0 0 2.6658e-13 0 0 0 4.96093e-15 0 0 1.51047e-14 1.91168e-13 0 0 0 0 2.93009e-13 0 0 0 0 0 0 0 0 0 1.51443e-14 0 0 0 0 7.09135e-15 0 0 0 2.08619e-13 0 0 0 0 0 0 0 0 2.06858e-13 0 0 0 1.7701e-13 3.53075e-15 0 0 2.69147e-14 0 0 0 0 0 0 4.45947e-15 0 0 0 2.57317e-13 0 0 0 0 0 0 0 0 0 0 0 
0 0 0 0 0 0 0 0 0 0 0 0 0 0 0 0 0 0 0 0 5.44396e-16 0 0 0 0 0 7.26137e-15 0 0 1.90678e-13 0 0 0 0 0 0 0 0 0 0 0 0 0 8.19124e-15 0 0 0 0 0 0 0 0 0 0 0 0 0 0 0 0 0 0 0 0 0 0 0 0 0 0 0 0 0 1.50311e-13 0 2.92327e-14 0 0 0 0 0 2.30655e-14 0 1.89666e-14 0 0 0 0 0 0 0 0 0 0 0 9.74451e-15 0 0 0 0 
0 0 0 2.012e-14 0 0 0 0 0 0 0 0 0 0 0 0 0 0 0 0 3.85787e-15 1.72882e-13 0 0 0 0 0 0 0 0 3.7207e-15 1.82749e-14 0 0 0 0 0 0 2.35581e-13 0 0 0 0 0 2.32426e-13 1.78401e-14 0 0 0 0 0 0 1.48111e-14 0 0 1.95935e-13 1.19135e-14 1.54875e-14 0 0 0 0 0 0 0 0 0 0 0 0 0 0 0 0 0 0 5.44794e-15 0 0 5.6469e-14 7.40119e-15 1.15501e-16 0 0 0 0 0 0 0 1.75569e-13 0 0 0 0 0 0 0 0 0 2.10798e-13 
7.60561e-16 0 0 0 0 0 0 0 0 0 1.93321e-13 0 0 0 0 0 0 0 0 0 1.9004e-13 0 0 0 2.04408e-13 0 0 0 0 0 2.56473e-15 0 2.38552e-14 4.41247e-14 0 0 0 0 0 0 0 0 0 0 0 0 0 2.67986e-13 0 0 0 0 0 0 0 0 0 0 0 0 0 0 2.44167e-14 0 0 0 0 0 0 0 0 0 0 0 0 0 0 0 0 0 3.36064e-14 1.40774e-14 0 0 0 0 0 0 0 0 0 0 0 0 0 0 0 0 0 0 
0 0 0 0 1.86975e-14 0 0 0 0 0 0 0 0 0 0 0 0 0 0 0 0 0 0 0 0 0 0 0 0 0 0 0 0 0 1.70086e-13 0 0 2.75226e-14 0 0 0 0 0 0 0 0 4.46544e-15 0 0 0 0 0 0 0 0 0 0 0 0 0 0 0 0 0 0 0 0 0 0 0 0 0 0 0 0 4.02312e-15 0 0 0 0 0 0 2.1281e-13 0 0 0 0 0 0 0 0 0 2.55447e-13 0 0 0 0 0 0 2.16983e-13 
0 0 0 0 1.88699e-13 0 0 0 0 0 0 0 0 0 0 0 0 0 0 0 0 0 0 0 0 0 0 0 2.10323e-13 0 0 0 0 0 0 0 0 0 0 0 0 2.08573e-13 0 0 0 0 0 0 0 0 0 0 0 0 0 2.04303e-14 0 0 0 0 0 0 0 0 0 0 0 0 0 0 0 2.02926e-13 0 0 0 0 1.46882e-13 0 0 0 0 0 0 0 0 0 0 0 0 0 0 0 0 0 0 0 0 0 0 4.81395e-15 
0 0 0 0 0 0 0 0 0 0 0 0 0 0 0 1.46984e-14 0 0 0 0 0 0 0 0 0 0 0 0 0 0 0 0 0 0 0 0 0 0 0 0 0 0 0 0 2.83552e-14 0 0 0 0 0 0 0 0 0 0 0 0 0 0 0 0 0 0 0 0 0 0 0 0 0 0 0 0 0 0 0 0 0 0 0 0 0 0 0 0 0 0 0 0 0 0 0 0 0 0 0 0 0 0 0 
0 0 0 0 0 0 0 0 0 0 0 0 0 0 0 0 0 0 0 0 0 0 0 0 0 0 0 0 0 0 0 0 0 0 0 0 0 0 0 0 0 0 0 0 0 0 0 0 0 0 0 0 0 0 0 0 0 0 0 0 0 0 0 0 0 0 0 0 0 0 0 0 0 0 0 0 0 0 0 0 0 0 0 0 0 0 0 0 0 0 0 0 0 0 0 0 0 0 0 2.18653e-13 
0 0 0 0 0 0 0 0 0 0 0 0 0 0 0 0 0 0 0 0 0 0 0 0 0 0 0 0 0 0 0 0 0 0 0 0 0 0 0 0 0 0 0 0 0 0 0 0 0 0 0 0 0 0 0 0 0 0 0 0 0 0 0 0 0 0 0 0 0 0 0 0 0 0 0 0 0 0 0 0 0 0 0 0 0 0 0 0 0 0 0 0 0 0 0 0 0 0 0 0 
0 0 0 0 0 0 0 0 0 2.7954e-13 0 0 0 0 0 0 0 0 0 0 0 0 0 0 0 0 3.45316e-14 0 0 0 0 0 0 0 0 0 0 0 0 0 0 0 0 0 0 0 0 0 0 0 0 0 0 0 0 0 0 0 0 0 0 0 0 0 0 0 0 0 0 0 0 0 0 0 0 0 0 0 0 0 0 0 0 0 0 0 0 0 0 0 0 0 0 0 0 0 0 0 0 9.81403e-15 
0 0 0 0 0 0 0 0 0 0 0 0 0 0 0 0 0 0 2.03259e-13 0 0 0 0 1.10948e-14 0 0 0 0 0 9.42302e-16 1.4235e-15 0 0 0 0 0 0 0 0 0 0 0 0 0 0 0 0 0 0 0 0 0 0 0 0 0 0 0 0 0 0 0 0 0 0 0 0 0 0 0 0 0 0 0 0 0 0 0 0 0 0 0 0 0 0 0 0 0 0 0 0 0 0 0 0 0 0 0 0 0 
5.38248e-15 0 0 0 0 0 0 2.31647e-16 0 0 0 0 0 0 0 0 0 0 0 0 0 0 0 0 0 0 0 0 0 0 0 0 0 2.04437e-14 0 0 0 0 0 0 0 0 0 0 0 0 0 0 0 0 0 0 0 0 0 0 0 0 0 0 0 0 0 0 0 0 2.15717e-13 0 0 0 0 0 0 0 0 0 0 0 0 0 0 0 0 0 0 0 0 0 0 0 0 0 0 0 0 0 0 0 0 0 
0 0 0 0 0 2.00228e-13 0 0 0 0 0 0 0 0 0 0 0 0 0 0 0 0 0 0 0 0 0 0 0 0 0 0 0 0 0 0 0 0 0 0 0 0 0 0 0 0 0 0 0 0 0 0 0 0 0 0 0 0 0 0 0 0 0 0 0 0 0 2.00515e-14 0 0 0 0 0 0 0 0 0 0 0 0 0 0 0 0 0 0 0 0 0 0 0 0 0 0 0 0 0 0 0 0 
0 0 3.64825e-14 0 0 0 0 0 0 0 0 0 0 0 0 5.21684e-16 0 0 0 0 0 0 0 0 0 0 0 0 0 0 0 0 0 0 0 0 0 0 0 0 0 0 0 0 0 0 0 0 0 0 3.37625e-14 0 0 0 0 8.93239e-16 0 0 0 0 0 0 0 0 0 0 0 0 0 0 0 0 0 0 0 0 0 0 0 0 0 0 0 0 0 0 0 0 0 0 0 0 0 0 0 0 0 0 0 2.73836e-14 
0 0 0 0 0 0 0 0 0 0 0 6.42844e-15 0 0 0 0 0 0 0 0 0 0 0 0 0 0 0 0 0 0 0 0 0 0 0 0 0 0 0 0 0 0 0 0 0 0 0 0 0 0 0 0 0 0 0 0 0 0 0 0 0 0 0 0 0 0 0 0 0 0 0 0 0 0 0 0 0 0 0 0 0 0 0 0 0 0 0 0 0 0 0 0 0 0 0 0 0 0 0 0 
0 0 0 0 0 0 0 0 0 0 0 0 0 0 0 0 0 0 0 0 0 0 0 0 0 0 0 0 0 0 0 0 0 0 0 0 0 0 0 0 0 0 0 0 0 0 0 0 0 0 0 0 0 0 0 0 0 0 0 0 0 0 0 0 0 2.05931e-13 3.38608e-15 0 0 0 0 0 0 0 0 0 0 0 0 0 0 0 0 0 0 0 0 0 0 0 1.18908e-14 0 0 0 1.38179e-15 0 0 0 0 0 
0 0 0 0 0 0 0 0 0 0 0 0 0 0 0 0 0 0 0 0 0 0 0 0 0 0 0 0 0 0 0 0 0 0 0 0 0 0 0 0 0 0 0 0 0 0 0 0 0 0 0 0 0 0 0 0 0 0 0 0 0 0 0 0 0 0 0 0 0 0 0 0 0 0 0 0 0 0 0 0 0 0 0 0 5.14352e-15 0 0 0 0 0 0 0 0 0 0 0 0 0 0 0 
2.20641e-13 0 0 0 0 5.20097e-15 0 0 0 0 0 0 0 0 0 0 0 0 0 0 0 0 0 0 0 0 0 0 0 0 0 0 0 0 0 0 0 0 0 0 0 0 0 0 0 0 0 0 0 0 0 0 0 0 0 0 0 0 0 0 0 0 0 0 2.3289e-13 0 0 0 0 0 0 0 2.06165e-13 0 0 0 0 0 0 0 0 4.74641e-14 0 0 0 1.85863e-13 0 0 1.33938e-14 0 0 0 0 0 0 0 0 0 1.52888e-14 0 
0 0 0 0 0 0 1.79592e-14 0 2.6042e-13 0 0 0 2.37308e-13 0 0 0 0 0 0 0 0 0 0 0 0 0 0 0 0 0 0 0 0 0 0 0 0 0 0 0 0 0 0 0 0 0 0 0 0 0 0 0 0 0 0 0 0 0 0 0 0 0 0 0 0 1.94352e-13 0 0 0 0 0 0 0 0 0 0 0 0 0 0 2.21918e-13 7.80452e-15 0 0 0 0 0 0 0 0 0 0 0 0 0 0 0 0 2.29322e-13 0 
0 0 0 0 0 0 0 0 0 0 0 0 0 0 0 0 0 0 0 0 0 0 0 0 0 0 0 0 0 0 0 0 0 0 0 0 0 0 0 0 0 0 0 0 0 0 0 0 0 0 0 0 0 0 0 0 0 0 0 0 0 0 0 0 0 0 0 0 0 0 0 0 0 0 0 0 0 0 0 0 0 0 0 0 0 0 0 0 0 0 0 0 0 0 0 0 0 0 0 0 
0 0 0 0 0 0 0 0 0 0 0 0 0 0 0 0 0 0 0 0 0 0 0 0 0 0 0 0 0 0 0 0 0 0 0 0 0 0 0 0 0 2.50202e-13 0 0 0 0 0 0 0 0 0 0 0 0 0 0 0 0 0 0 0 0 0 0 0 0 0 1.85921e-14 2.32492e-15 0 0 0 0 0 0 0 0 0 0 0 0 0 0 0 0 0 0 0 0 0 0 0 0 0 0 0 0 0 0 1.88701e-13 
0 0 0 0 0 0 0 0 0 0 0 0 0 0 0 0 0 0 0 0 0 0 0 0 0 0 0 0 0 0 0 0 0 0 0 0 0 0 0 0 0 0 0 0 0 0 0 0 0 0 0 0 0 0 0 0 0 0 0 0 0 0 0 0 0 0 0 0 0 0 0 0 0 0 0 0 0 0 0 0 0 0 0 0 0 0 0 0 0 0 0 0 0 0 7.85496e-15 0 0 1.58841e-14 0 2.62516e-14 
0 0 0 0 0 0 0 0 0 0 0 0 0 0 0 0 0 0 0 0 9.94525e-15 0 0 0 0 0 0 0 0 0 0 0 0 0 0 0 0 0 0 0 0 0 0 0 0 0 0 0 0 0 0 0 0 0 0 0 0 0 0 0 0 0 0 0 0 0 0 0 0 0 0 0 0 0 0 0 0 0 0 0 0 0 0 0 0 0 0 0 0 0 0 0 0 0 0 0 0 0 0 2.11937e-13 
0 1.17174e-14 0 0 0 0 0 0 0 0 0 0 0 0 0 0 0 0 0 0 0 0 0 0 0 0 0 0 0 0 0 0 0 0 0 0 0 0 0 0 0 0 0 0 0 0 0 0 0 0 0 0 0 0 0 0 0 0 0 0 0 0 0 0 0 0 0 0 0 0 0 0 0 0 0 0 0 0 0 0 0 0 0 0 0 0 0 0 0 0 0 0 0 0 0 0 0 0 0 0 
1.72924e-14 0 2.46785e-13 0 0 0 0 0 0 0 0 0 0 0 0 0 0 0 0 0 0 0 0 0 0 0 0 0 0 0 0 0 0 0 0 0 0 0 0 0 0 0 0 0 0 0 0 0 0 0 0 0 0 0 0 0 0 0 0 0 0 0 0 0 0 1.30132e-14 0 0 0 0 0 0 0 0 0 0 0 0 0 0 0 0 0 0 0 0 0 0 0 0 0 0 0 0 0 0 0 0 0 0 
0 0 0 0 0 0 0 0 0 0 0 0 0 0 5.82188e-15 0 0 0 0 0 0 0 0 0 0 1.21295e-14 0 0 0 0 0 0 0 0 0 0 0 0 0 0 0 0 0 0 0 0 0 0 0 0 0 0 0 0 0 0 0 0 0 0 0 0 0 0 0 0 0 0 0 0 0 0 0 0 0 0 0 0 0 0 0 0 0 0 0 0 0 0 0 0 0 0 0 0 0 0 0 0 0 0 
0 0 2.12582e-13 0 0 0 0 0 3.87169e-14 0 0 0 0 0 0 0 0 0 0 0 0 0 0 0 0 0 0 0 0 0 0 0 0 0 0 0 0 0 0 0 0 0 0 0 0 0 0 0 0 0 0 0 0 0 0 0 0 0 0 0 0 0 0 0 0 0 0 0 0 0 0 0 0 0 0 0 0 0 0 0 0 0 0 0 0 0 0 0 0 0 0 0 0 0 0 0 0 0 0 0 
