#################################### 
# Matrix Size= (300,500,1700)
# Resol      = (100,1,1)
# VoxelSize  = (3,500,1700)
# nbVal      = 100
#################################### 
0.01142209665
0.01159478625
0.0121929167
0.01244945692
0.01286140794
0.01320706627
0.01381399561
0.01417853925
0.0148129774
0.01534198384
0.01605608053
0.01672121271
0.0171772208
0.01788814582
0.01854016876
0.01916715354
0.01966493531
0.02073146419
0.02148971638
0.02214492576
0.02333731431
0.02388097718
0.02515028481
0.02613133109
0.02773661861
0.02778260301
0.02878897871
0.03045188431
0.03082168957
0.03282041029
0.03403769733
0.03455949371
0.03686032614
0.03731119796
0.0395644949
0.04037929366
0.04092837068
0.04172715572
0.04526165291
0.04625582347
0.04684286537
0.04963641548
0.05067273788
0.05393713061
0.05680941102
0.06012492102
0.06039445062
0.06188866886
0.06341761698
0.06681392124
0.06992002037
0.07182359136
0.07242433784
0.0779401742
0.08131662642
0.08539052661
0.08551157999
0.08825613535
0.09426752922
0.09824124618
0.1023351803
0.1047103214
0.109486249
0.1132498414
0.1135666033
0.1279802128
0.1152196409
0.1200683851
0.150968835
0.1361152147
0.1560504867
0.1648668896
0.1574795531
0.174970601
0.1580194064
0.1691279421
0.1771251433
0.1483916532
0.2095676058
0.1586606341
0.1911422507
0.2092570785
0.1842197735
0.2506849805
0.2166985547
0.2184502069
0.2617652038
0.2519148411
0.3100712762
0.3059635723
0.2856975433
0.3002916698
0.2951753192
0.3355205728
0.3147409938
0.3008549126
0.3149008806
0.4349635955
0.2604103206
0.3124124957
